2820	1	0	
2821	1	259	
2822	1	259	
2823	1	259	
2824	1	259	
2826	1	259	
2827	1	259	
2828	1	259	
2825	1	259	
2829	1	259	
2830	1	259	
2831	1	259	
2832	1	259	
2833	1	259	
2834	1	259	
2835	1	259	
2836	1	259	
2837	1	259	
2838	1	259	
2839	1	259	
2840	1	259	
2841	1	259	
2842	1	259	
2843	1	259	
2844	1	259	
2845	1	259	
2846	1	259	
2847	1	259	
2848	1	259	
2849	1	259	
2850	1	259	
2851	1	259	
2852	1	259	
2853	1	259	
2854	1	259	
2855	1	259	
2856	1	259	
2857	1	259	
2858	1	259	
2859	1	259	
2860	1	299	
2861	1	300	
2862	1	301	
2863	1	302	
2864	1	303	
2865	1	304	
2866	1	305	
2867	1	306	
2868	1	307	
2869	1	308	
2870	1	309	
2871	1	310	
2872	1	311	
2873	1	312	
2874	1	313	
2875	1	314	
2876	1	315	
2877	1	316	
2878	1	317	
2879	1	318	
2880	1	319	
2881	1	0	
2882	1	1	
2883	1	2	
2884	1	3	
2885	1	4	
2886	1	5	
2887	1	6	
2888	1	7	
2889	1	8	
2890	1	9	
2891	1	10	
2892	1	11	
2893	1	12	
2894	1	13	
2895	1	14	
2896	1	15	
2897	1	16	
2898	1	17	
2899	1	18	
2900	1	19	
2901	1	20	
2902	1	21	
2903	1	22	
2904	1	23	
2905	1	24	
2906	1	25	
2907	1	26	
2908	1	27	
2909	1	28	
2910	1	29	
2911	1	30	
2912	1	31	
2913	1	32	
2914	1	33	
2915	1	34	
2916	1	35	
2917	1	36	
2918	1	37	
2919	1	38	
2920	1	39	
2921	1	40	
2922	1	41	
2923	1	42	
2924	1	43	
2925	1	44	
2926	1	45	
2927	1	46	
2928	1	47	
2929	1	48	
2930	1	49	
2931	1	50	
2932	1	51	
2933	1	52	
2934	1	53	
2935	1	54	
2936	1	55	
2937	1	56	
2938	1	57	
2939	1	58	
2940	1	59	
2941	1	60	
2942	1	61	
2943	1	62	
2944	1	63	
2945	1	64	
2946	1	65	
2947	1	66	
2948	1	67	
2949	1	68	
2950	1	69	
2951	1	70	
2952	1	71	
2953	1	72	
2954	1	73	
2955	1	74	
2956	1	75	
2957	1	76	
2958	1	77	
2959	1	78	
2960	1	79	
2961	1	80	
2962	1	81	
2963	1	82	
2964	1	83	
2965	1	84	
2966	1	85	
2967	1	86	
2968	1	87	
2969	1	88	
2970	1	89	
2971	1	90	
2972	1	91	
2973	1	92	
2974	1	93	
2975	1	94	
2976	1	95	
2977	1	96	
2978	1	97	
2979	1	98	
2980	1	99	
2981	1	100	
2982	1	101	
2983	1	102	
2984	1	103	
2985	1	104	
2986	1	105	
2987	1	106	
2988	1	107	
2989	1	108	
2990	1	109	
2991	1	110	
2992	1	111	
2993	1	112	
2994	1	113	
2995	1	114	
2996	1	115	
2997	1	116	
2998	1	117	
2999	1	118	
3000	1	119	
3001	1	120	
3002	1	121	
3003	1	122	
3004	1	123	
3005	1	124	
3006	1	125	
3007	1	126	
3008	1	127	
3009	1	128	
3010	1	129	
3011	1	130	
3012	1	131	
3013	1	132	
3014	1	133	
3015	1	134	
3016	1	135	
3017	1	136	
3018	1	137	
3019	1	138	
3020	1	139	
3021	1	140	
3022	1	141	
3023	1	142	
3024	1	143	
3025	1	144	
3026	1	145	
3027	1	146	
3028	1	147	
3029	1	148	
3030	1	149	
3031	1	150	
3032	1	151	
3033	1	152	
3034	1	153	
3035	1	154	
3036	1	155	
3037	1	156	
3038	1	157	
3039	1	158	
3040	1	159	
3041	1	160	
3042	1	161	
3043	1	162	
3044	1	163	
3045	1	164	
3046	1	165	
3047	1	166	
3048	1	167	
3049	1	168	
3050	1	169	
3051	1	170	
3052	1	171	
3053	1	172	
3054	1	173	
3055	1	174	
3056	1	175	
3057	1	176	
3058	1	177	
3059	1	178	
3060	1	179	
3061	1	180	
3062	1	181	
3063	1	182	
3064	1	183	
3065	1	184	
3066	1	185	
3067	1	186	
3068	1	187	
3069	1	188	
3070	1	189	
3071	1	190	
3072	1	191	
3073	1	192	
3074	1	193	
3075	1	194	
3076	1	195	
3077	1	196	
3078	1	197	
3079	1	198	
3080	1	199	
3081	1	200	
3082	1	201	
3083	1	202	
3084	1	203	
3085	1	204	
3086	1	205	
3087	1	206	
3088	1	207	
3089	1	208	
3090	1	209	
3091	1	210	
3092	1	211	
3093	1	212	
3094	1	213	
3095	1	214	
3096	1	215	
3097	1	216	
3098	1	217	
3099	1	218	
3100	1	219	
3101	1	220	
3102	1	221	
3103	1	222	
3104	1	223	
3105	1	224	
3106	1	225	
3107	1	226	
3108	1	227	
3109	1	228	
3110	1	229	
3111	1	230	
3112	1	231	
3113	1	232	
3114	1	233	
3115	1	234	
3116	1	235	
3117	1	236	
3118	1	237	
3119	1	238	
3120	1	239	
3121	1	240	
3122	1	241	
3123	1	242	
3124	1	243	
3125	1	244	
3126	1	245	
3127	1	246	
3128	1	247	
3129	1	248	
3130	1	249	
3131	1	250	
3132	1	251	
3133	1	252	
3134	1	253	
3135	1	254	
3136	1	255	
3137	1	256	
3138	1	257	
3139	1	258	
3140	1	259	
3141	1	260	
3142	1	261	
3143	1	262	
3144	1	263	
3145	1	264	
3146	1	265	
3147	1	266	
3148	1	267	
3149	1	268	
3150	1	269	
3151	1	270	
3152	1	271	
3153	1	272	
3154	1	273	
3155	1	274	
3156	1	275	
3157	1	276	
3158	1	277	
3159	1	278	
3160	1	279	
3161	1	280	
3162	1	281	
3163	1	282	
3164	1	283	
3165	1	284	
3166	1	285	
3167	1	286	
3168	1	287	
3169	1	288	
3170	1	289	
3171	1	290	
3172	1	291	
3173	1	292	
3174	1	293	
3175	1	294	
3176	1	295	
3177	1	296	
3178	1	297	
3179	1	298	
3180	1	299	
3181	1	300	
3182	1	301	
3183	1	302	
3184	1	303	
3185	1	304	
3186	1	305	
3187	1	306	
3188	1	307	
3189	1	308	
3190	1	309	
3191	1	310	
3192	1	311	
3193	1	312	
3194	1	313	
3195	1	314	
3196	1	315	
3197	1	316	
3198	1	317	
3199	1	318	
3200	1	319	
3201	1	0	
3202	1	1	
3203	1	2	
3204	1	3	
3205	1	4	
3206	1	5	
3207	1	6	
3208	1	7	
3209	1	8	
3210	1	9	
3211	1	10	
3212	1	11	
3213	1	12	
3214	1	13	
3215	1	14	
3216	1	15	
3217	1	16	
3218	1	17	
3219	1	18	
3220	1	19	
3221	1	20	
3222	1	21	
3223	1	22	
3224	1	23	
3225	1	24	
3226	1	25	
3227	1	26	
3228	1	27	
3229	1	28	
3230	1	29	
3231	1	30	
3232	1	31	
3233	1	32	
3234	1	33	
3235	1	34	
3236	1	35	
3237	1	36	
3238	1	37	
3239	1	38	
3240	1	39	
3241	1	40	
3242	1	41	
3243	1	42	
3244	1	43	
3245	1	44	
3246	1	45	
3247	1	46	
3248	1	47	
3249	1	48	
3250	1	49	
3251	1	50	
3252	1	51	
3253	1	52	
3254	1	53	
3255	1	54	
3256	1	55	
3257	1	56	
3258	1	57	
3259	1	58	
3260	1	59	
3261	1	60	
3262	1	61	
3263	1	62	
3264	1	63	
3265	1	64	
3266	1	65	
3267	1	66	
3268	1	67	
3269	1	68	
3270	1	69	
3271	1	70	
3272	1	71	
3273	1	72	
3274	1	73	
3275	1	74	
3276	1	75	
3277	1	76	
3278	1	77	
3279	1	78	
3280	1	79	
3281	1	80	
3282	1	81	
3283	1	82	
3284	1	83	
3285	1	84	
3286	1	85	
3287	1	86	
3288	1	87	
3289	1	88	
3290	1	89	
3291	1	90	
3292	1	91	
3293	1	92	
3294	1	93	
3295	1	94	
3296	1	95	
3297	1	96	
3298	1	97	
3299	1	98	
3300	1	99	
3301	1	100	
3302	1	101	
3303	1	102	
3304	1	103	
3305	1	104	
3306	1	105	
3307	1	106	
3308	1	107	
3309	1	108	
3310	1	109	
3311	1	110	
3312	1	111	
3313	1	112	
3314	1	113	
3315	1	114	
3316	1	115	
3317	1	116	
3318	1	117	
3319	1	118	
3320	1	119	
3321	1	120	
3322	1	121	
3323	1	122	
3324	1	123	
3325	1	124	
3326	1	125	
3327	1	126	
3328	1	127	
3329	1	128	
3330	1	129	
3331	1	130	
3332	1	131	
3333	1	132	
3334	1	133	
3335	1	134	
3336	1	135	
3337	1	136	
3338	1	137	
3339	1	138	
3340	1	139	
3341	1	140	
3342	1	141	
3343	1	142	
3344	1	143	
3345	1	144	
3346	1	145	
3347	1	146	
3348	1	147	
3349	1	148	
3350	1	149	
3351	1	150	
3352	1	151	
3353	1	152	
3354	1	153	
3355	1	154	
3356	1	155	
3357	1	156	
3358	1	157	
3359	1	158	
3360	1	159	
3361	1	160	
3362	1	161	
3363	1	162	
3364	1	163	
3365	1	164	
3366	1	165	
3367	1	166	
3368	1	167	
3369	1	168	
3370	1	169	
3371	1	170	
3372	1	171	
3373	1	172	
3374	1	173	
3375	1	174	
3376	1	175	
3377	1	176	
3378	1	177	
3379	1	178	
3380	1	179	
3381	1	180	
3382	1	181	
3383	1	182	
3384	1	183	
3385	1	184	
3386	1	185	
3387	1	186	
3388	1	187	
3389	1	188	
3390	1	189	
3391	1	190	
3392	1	191	
3393	1	192	
3394	1	193	
3395	1	194	
3396	1	195	
3397	1	196	
3398	1	197	
3399	1	198	
3400	1	199	
3401	1	200	
3402	1	201	
3403	1	202	
3404	1	203	
3405	1	204	
3406	1	205	
3407	1	206	
3408	1	207	
3409	1	208	
3410	1	209	
3411	1	210	
3412	1	211	
3413	1	212	
3414	1	213	
3415	1	214	
3416	1	215	
3417	1	216	
3418	1	217	
3419	1	218	
3420	1	219	
3421	1	220	
3422	1	221	
3423	1	222	
3424	1	223	
3425	1	224	
3426	1	225	
3427	1	226	
3428	1	227	
3429	1	228	
3430	1	229	
3431	1	230	
3432	1	231	
3433	1	232	
3434	1	233	
3435	1	234	
3436	1	235	
3437	1	236	
3438	1	237	
3439	1	238	
3440	1	239	
3441	1	240	
3442	1	241	
3443	1	242	
3444	1	243	
3445	1	244	
3446	1	245	
3447	1	246	
3448	1	247	
3449	1	248	
3450	1	249	
3451	1	250	
3452	1	251	
3453	1	252	
3454	1	253	
3455	1	254	
3456	1	255	
3457	1	256	
3458	1	257	
3459	1	258	
3460	1	259	
3461	1	260	
3462	1	261	
3463	1	262	
3464	1	263	
3465	1	264	
3466	1	265	
3467	1	266	
3468	1	267	
3469	1	268	
3470	1	269	
3471	1	270	
3472	1	271	
3473	1	272	
3474	1	273	
3475	1	274	
3476	1	275	
3477	1	276	
3478	1	277	
3479	1	278	
3480	1	279	
3481	1	280	
3482	1	281	
3483	1	282	
3484	1	283	
3485	1	284	
3486	1	285	
3487	1	286	
3488	1	287	
3489	1	288	
3490	1	289	
3491	1	290	
3492	1	291	
3493	1	292	
3494	1	293	
3495	1	294	
3496	1	295	
3497	1	296	
3498	1	297	
3499	1	298	
3500	1	299	
3501	1	300	
3502	1	301	
3503	1	302	
3504	1	303	
3505	1	304	
3506	1	305	
3507	1	306	
3508	1	307	
3509	1	308	
3510	1	309	
3511	1	310	
3512	1	311	
3513	1	312	
3514	1	313	
3515	1	314	
3516	1	315	
3517	1	316	
3518	1	317	
3519	1	318	
3520	1	319	
3521	1	0	
3522	1	1	
3523	1	2	
3524	1	3	
3525	1	4	
3526	1	5	
3527	1	6	
3528	1	7	
3529	1	8	
3530	1	9	
3531	1	10	
3532	1	11	
3533	1	12	
3534	1	13	
3535	1	14	
3536	1	15	
3537	1	16	
3538	1	17	
3539	1	18	
3540	1	19	
3541	1	20	
3542	1	21	
3543	1	22	
3544	1	23	
3545	1	24	
3546	1	25	
3547	1	26	
3548	1	27	
3549	1	28	
3550	1	29	
3551	1	30	
3552	1	31	
3553	1	32	
3554	1	33	
3555	1	34	
3556	1	35	
3557	1	36	
3558	1	37	
3559	1	38	
3560	1	39	
3561	1	40	
3562	1	41	
3563	1	42	
3564	1	43	
3565	1	44	
3566	1	45	
3567	1	46	
3568	1	47	
3569	1	48	
3570	1	49	
3571	1	50	
3572	1	51	
3573	1	52	
3574	1	53	
3575	1	54	
3576	1	55	
3577	1	56	
3578	1	57	
3579	1	58	
3580	1	59	
3581	1	60	
3582	1	61	
3583	1	62	
3584	1	63	
3585	1	64	
3586	1	65	
3587	1	66	
3588	1	67	
3589	1	68	
3590	1	69	
3591	1	70	
3592	1	71	
3593	1	72	
3594	1	73	
3595	1	74	
3596	1	75	
3597	1	76	
3598	1	77	
3599	1	78	
3600	1	79	
3601	1	80	
3602	1	81	
3603	1	82	
3604	1	83	
3605	1	84	
3606	1	85	
3607	1	86	
3608	1	87	
3609	1	88	
3610	1	89	
3611	1	90	
3612	1	91	
3613	1	92	
3614	1	93	
3615	1	94	
3616	1	95	
3617	1	96	
3618	1	97	
3619	1	98	
3620	1	99	
3621	1	100	
3622	1	101	
3623	1	102	
3624	1	103	
3625	1	104	
3626	1	105	
3627	1	106	
3628	1	107	
3629	1	108	
3630	1	109	
3631	1	110	
3632	1	111	
3633	1	112	
3634	1	113	
3635	1	114	
3636	1	115	
3637	1	116	
3638	1	117	
3639	1	118	
3640	1	119	
3641	1	120	
3642	1	121	
3643	1	122	
3644	1	123	
3645	1	124	
3646	1	125	
3647	1	126	
3648	1	127	
3649	1	128	
3650	1	129	
3651	1	130	
3652	1	131	
3653	1	132	
3654	1	133	
3655	1	134	
3656	1	135	
3657	1	136	
3658	1	137	
3659	1	138	
3660	1	139	
3661	1	140	
3662	1	141	
3663	1	142	
3664	1	143	
3665	1	144	
3666	1	145	
3667	1	146	
3668	1	147	
3669	1	148	
3670	1	149	
3671	1	150	
3672	1	151	
3673	1	152	
3674	1	153	
3675	1	154	
3676	1	155	
3677	1	156	
3678	1	157	
3679	1	158	
3680	1	159	
3681	1	160	
3682	1	161	
3683	1	162	
3684	1	163	
3685	1	164	
3686	1	165	
3687	1	166	
3688	1	167	
3689	1	168	
3690	1	169	
3691	1	170	
3692	1	171	
3693	1	172	
3694	1	173	
3695	1	174	
3696	1	175	
3697	1	176	
3698	1	177	
3699	1	178	
3700	1	179	
3701	1	180	
3702	1	181	
3703	1	182	
3704	1	183	
3705	1	184	
3706	1	185	
3707	1	186	
3708	1	187	
3709	1	188	
3710	1	189	
3711	1	190	
3712	1	191	
3713	1	192	
3714	1	193	
3715	1	194	
3716	1	195	
3717	1	196	
3718	1	197	
3719	1	198	
3720	1	199	
3721	1	200	
3722	1	201	
3723	1	202	
3724	1	203	
3725	1	204	
3726	1	205	
3727	1	206	
3728	1	207	
3729	1	208	
3730	1	209	
3731	1	210	
3732	1	211	
3733	1	212	
3734	1	213	
3735	1	214	
3736	1	215	
3737	1	216	
3738	1	217	
3739	1	218	
3740	1	219	
3741	1	220	
3742	1	221	
3743	1	222	
3744	1	223	
3745	1	224	
3746	1	225	
3747	1	226	
3748	1	227	
3749	1	228	
3750	1	229	
3751	1	230	
3752	1	231	
3753	1	232	
3754	1	233	
3755	1	234	
3756	1	235	
3757	1	236	
3758	1	237	
3759	1	238	
3760	1	239	
3761	1	240	
3762	1	241	
3763	1	242	
3764	1	243	
3765	1	244	
3766	1	245	
3767	1	246	
3768	1	247	
3769	1	248	
3770	1	249	
3771	1	250	
3772	1	251	
3773	1	252	
3774	1	253	
3775	1	254	
3776	1	255	
3777	1	256	
3778	1	257	
3779	1	258	
3780	1	259	
3781	1	260	
3782	1	261	
3783	1	262	
3784	1	263	
3785	1	264	
3786	1	265	
3787	1	266	
3788	1	267	
3789	1	268	
3790	1	269	
3791	1	270	
3792	1	271	
3793	1	272	
3794	1	273	
3795	1	274	
3796	1	275	
3797	1	276	
3798	1	277	
3799	1	278	
3800	1	279	
3801	1	280	
3802	1	281	
3803	1	282	
3804	1	283	
3805	1	284	
3806	1	285	
3807	1	286	
3808	1	287	
3809	1	288	
3810	1	289	
3811	1	290	
3812	1	291	
3813	1	292	
3814	1	293	
3815	1	294	
3816	1	295	
3817	1	296	
3818	1	297	
3819	1	298	
3820	1	299	
3821	1	300	
3822	1	301	
3823	1	302	
3824	1	303	
3825	1	304	
3826	1	305	
3827	1	306	
3828	1	307	
3829	1	308	
3830	1	309	
3831	1	310	
3832	1	311	
3833	1	312	
3834	1	313	
3835	1	314	
3836	1	315	
3837	1	316	
3838	1	317	
3839	1	318	
3840	1	319	
3841	1	0	
3842	1	1	
3843	1	2	
3844	1	3	
3845	1	4	
3846	1	5	
3847	1	6	
3848	1	7	
3849	1	8	
3850	1	9	
3851	1	10	
3852	1	11	
3853	1	12	
3854	1	13	
3855	1	14	
3856	1	15	
3857	1	16	
3858	1	17	
3859	1	18	
3860	1	19	
3861	1	20	
3862	1	21	
3863	1	22	
3864	1	23	
3865	1	24	
3866	1	25	
3867	1	26	
3868	1	27	
3869	1	28	
3870	1	29	
3871	1	30	
3872	1	31	
3873	1	32	
3874	1	33	
3875	1	34	
3876	1	35	
3877	1	36	
3878	1	37	
3879	1	38	
3880	1	39	
3881	1	40	
3882	1	41	
3883	1	42	
3884	1	43	
3885	1	44	
3886	1	45	
3887	1	46	
3888	1	47	
3889	1	48	
3890	1	49	
3891	1	50	
3892	1	51	
3893	1	52	
3894	1	53	
3895	1	54	
3896	1	55	
3897	1	56	
3898	1	57	
3899	1	58	
3900	1	59	
3901	1	60	
3902	1	61	
3903	1	62	
3904	1	63	
3905	1	64	
3906	1	65	
3907	1	66	
3908	1	67	
3909	1	68	
3910	1	69	
3911	1	70	
3912	1	71	
3913	1	72	
3914	1	73	
3915	1	74	
3916	1	75	
3917	1	76	
3918	1	77	
3919	1	78	
3920	1	79	
3921	1	80	
3922	1	81	
3923	1	82	
3924	1	83	
3925	1	84	
3926	1	85	
3927	1	86	
3928	1	87	
3929	1	88	
3930	1	89	
3931	1	90	
3932	1	91	
3933	1	92	
3934	1	93	
3935	1	94	
3936	1	95	
3937	1	96	
3938	1	97	
3939	1	98	
3940	1	99	
3941	1	100	
3942	1	101	
3943	1	102	
3944	1	103	
3945	1	104	
3946	1	105	
3947	1	106	
3948	1	107	
3949	1	108	
3950	1	109	
3951	1	110	
3952	1	111	
3953	1	112	
3954	1	113	
3955	1	114	
3956	1	115	
3957	1	116	
3958	1	117	
3959	1	118	
3960	1	119	
3961	1	120	
3962	1	121	
3963	1	122	
3964	1	123	
3965	1	124	
3966	1	125	
3967	1	126	
3968	1	127	
3969	1	128	
3970	1	129	
3971	1	130	
3972	1	131	
3973	1	132	
3974	1	133	
3975	1	134	
3976	1	135	
3977	1	136	
3978	1	137	
3979	1	138	
3980	1	139	
3981	1	140	
3982	1	141	
3983	1	142	
3984	1	143	
3985	1	144	
3986	1	145	
3987	1	146	
3988	1	147	
3989	1	148	
3990	1	149	
3991	1	150	
3992	1	151	
3993	1	152	
3994	1	153	
3995	1	154	
3996	1	155	
3997	1	156	
3998	1	157	
3999	1	158	
4000	1	159	
4001	1	160	
4002	1	161	
4003	1	162	
4004	1	163	
4005	1	164	
4006	1	165	
4007	1	166	
4008	1	167	
4009	1	168	
4010	1	169	
4011	1	170	
4012	1	171	
4013	1	172	
4014	1	173	
4015	1	174	
4016	1	175	
4017	1	176	
4018	1	177	
4019	1	178	
4020	1	179	
4021	1	180	
4022	1	181	
4023	1	182	
4024	1	183	
4025	1	184	
4026	1	185	
4027	1	186	
4028	1	187	
4029	1	188	
4030	1	189	
4031	1	190	
4032	1	191	
4033	1	192	
4034	1	193	
4035	1	194	
4036	1	195	
4037	1	196	
4038	1	197	
4039	1	198	
4040	1	199	
4041	1	200	
4042	1	201	
4043	1	202	
4044	1	203	
4045	1	204	
4046	1	205	
4047	1	206	
4048	1	207	
4049	1	208	
4050	1	209	
4051	1	210	
4052	1	211	
4053	1	212	
4054	1	213	
4055	1	214	
4056	1	215	
4057	1	216	
4058	1	217	
4059	1	218	
4060	1	219	
4061	1	220	
4062	1	221	
4063	1	222	
4064	1	223	
4065	1	224	
4066	1	225	
4067	1	226	
4068	1	227	
4069	1	228	
4070	1	229	
4071	1	230	
4072	1	231	
4073	1	232	
4074	1	233	
4075	1	234	
4076	1	235	
4077	1	236	
4078	1	237	
4079	1	238	
4080	1	239	
4081	1	240	
4082	1	241	
4083	1	242	
4084	1	243	
4085	1	244	
4086	1	245	
4087	1	246	
4088	1	247	
4089	1	248	
4090	1	249	
4091	1	250	
4092	1	251	
4093	1	252	
4094	1	253	
4095	1	254	
4096	1	255	
4097	1	256	
4098	1	257	
4099	1	258	
4100	1	259	
4101	1	260	
4102	1	261	
4103	1	262	
4104	1	263	
4105	1	264	
4106	1	265	
4107	1	266	
4108	1	267	
4109	1	268	
4110	1	269	
4111	1	270	
4112	1	271	
4113	1	272	
4114	1	273	
4115	1	274	
4116	1	275	
4117	1	276	
4118	1	277	
4119	1	278	
4120	1	279	
4121	1	280	
4122	1	281	
4123	1	282	
4124	1	283	
4125	1	284	
4126	1	285	
4127	1	286	
4128	1	287	
4129	1	288	
4130	1	289	
4131	1	290	
4132	1	291	
4133	1	292	
4134	1	293	
4135	1	294	
4136	1	295	
4137	1	296	
4138	1	297	
4139	1	298	
4140	1	299	
4141	1	300	
4142	1	301	
4143	1	302	
4144	1	303	
4145	1	304	
4146	1	305	
4147	1	306	
4148	1	307	
4149	1	308	
4150	1	309	
4151	1	310	
4152	1	311	
4153	1	312	
4154	1	313	
4155	1	314	
4156	1	315	
4157	1	316	
4158	1	317	
4159	1	318	
4160	1	319	
4161	1	0	
4162	1	1	
4163	1	2	
4164	1	3	
4165	1	4	
4166	1	5	
4167	1	6	
4168	1	7	
4169	1	8	
4170	1	9	
4171	1	10	
4172	1	11	
4173	1	12	
4174	1	13	
4175	1	14	
4176	1	15	
4177	1	16	
4178	1	17	
4179	1	18	
4180	1	19	
4181	1	20	
4182	1	21	
4183	1	22	
4184	1	23	
4185	1	24	
4186	1	25	
4187	1	26	
4188	1	27	
4189	1	28	
4190	1	29	
4191	1	30	
4192	1	31	
4193	1	32	
4194	1	33	
4195	1	34	
4196	1	35	
4197	1	36	
4198	1	37	
4199	1	38	
4200	1	39	
4201	1	40	
4202	1	41	
4203	1	42	
4204	1	43	
4205	1	44	
4206	1	45	
4207	1	46	
4208	1	47	
4209	1	48	
4210	1	49	
4211	1	50	
4212	1	51	
4213	1	52	
4214	1	53	
4215	1	54	
4216	1	55	
4217	1	56	
4218	1	57	
4219	1	58	
4220	1	59	
4221	1	60	
4222	1	61	
4223	1	62	
4224	1	63	
4225	1	64	
4226	1	65	
4227	1	66	
4228	1	67	
4229	1	68	
4230	1	69	
4231	1	70	
4232	1	71	
4233	1	72	
4234	1	73	
4235	1	74	
4236	1	75	
4237	1	76	
4238	1	77	
4239	1	78	
4240	1	79	
4241	1	80	
4242	1	81	
4243	1	82	
4244	1	83	
4245	1	84	
4246	1	85	
4247	1	86	
4248	1	87	
4249	1	88	
4250	1	89	
4251	1	90	
4252	1	91	
4253	1	92	
4254	1	93	
4255	1	94	
4256	1	95	
4257	1	96	
4258	1	97	
4259	1	98	
4260	1	99	
4261	1	100	
4262	1	101	
4263	1	102	
4264	1	103	
4265	1	104	
4266	1	105	
4267	1	106	
4268	1	107	
4269	1	108	
4270	1	109	
4271	1	110	
4272	1	111	
4273	1	112	
4274	1	113	
4275	1	114	
4276	1	115	
4277	1	116	
4278	1	117	
4279	1	118	
4280	1	119	
4281	1	120	
4282	1	121	
4283	1	122	
4284	1	123	
4285	1	124	
4286	1	125	
4287	1	126	
4288	1	127	
4289	1	128	
4290	1	129	
4291	1	130	
4292	1	131	
4293	1	132	
4294	1	133	
4295	1	134	
4296	1	135	
4297	1	136	
4298	1	137	
4299	1	138	
4300	1	139	
4301	1	140	
4302	1	141	
4303	1	142	
4304	1	143	
4305	1	144	
4306	1	145	
4307	1	146	
4308	1	147	
4309	1	148	
4310	1	149	
4311	1	150	
4312	1	151	
4313	1	152	
4314	1	153	
4315	1	154	
4316	1	155	
4317	1	156	
4318	1	157	
4319	1	158	
4320	1	159	
4321	1	160	
4322	1	161	
4323	1	162	
4324	1	163	
4325	1	164	
4326	1	165	
4327	1	166	
4328	1	167	
4329	1	168	
4330	1	169	
4331	1	170	
4332	1	171	
4333	1	172	
4334	1	173	
4335	1	174	
4336	1	175	
4337	1	176	
4338	1	177	
4339	1	178	
4340	1	179	
4341	1	180	
4342	1	181	
4343	1	182	
4344	1	183	
4345	1	184	
4346	1	185	
4347	1	186	
4348	1	187	
4349	1	188	
4350	1	189	
4351	1	190	
4352	1	191	
4353	1	192	
4354	1	193	
4355	1	194	
4356	1	195	
4357	1	196	
4358	1	197	
4359	1	198	
4360	1	199	
4361	1	200	
4362	1	201	
4363	1	202	
4364	1	203	
4365	1	204	
4366	1	205	
4367	1	206	
4368	1	207	
4369	1	208	
4370	1	209	
4371	1	210	
4372	1	211	
4373	1	212	
4374	1	213	
4375	1	214	
4376	1	215	
4377	1	216	
4378	1	217	
4379	1	218	
4380	1	219	
4381	1	220	
4382	1	221	
4383	1	222	
4384	1	223	
4385	1	224	
4386	1	225	
4387	1	226	
4388	1	227	
4389	1	228	
4390	1	229	
4391	1	230	
4392	1	231	
4393	1	232	
4394	1	233	
4395	1	234	
4396	1	235	
4397	1	236	
4398	1	237	
4399	1	238	
4400	1	239	
4401	1	240	
4402	1	241	
4403	1	242	
4404	1	243	
4405	1	244	
4406	1	245	
4407	1	246	
4408	1	247	
4409	1	248	
4410	1	249	
4411	1	250	
4412	1	251	
4413	1	252	
4414	1	253	
4415	1	254	
4416	1	255	
4417	1	256	
4418	1	257	
4419	1	258	
4420	1	259	
4421	1	260	
4422	1	261	
4423	1	262	
4424	1	263	
4425	1	264	
4426	1	265	
4427	1	266	
4428	1	267	
4429	1	268	
4430	1	269	
4431	1	270	
4432	1	271	
4433	1	272	
4434	1	273	
4435	1	274	
4436	1	275	
4437	1	276	
4438	1	277	
4439	1	278	
4440	1	279	
4441	1	280	
4442	1	281	
4443	1	282	
4444	1	283	
4445	1	284	
4446	1	285	
4447	1	286	
4448	1	287	
4449	1	288	
4450	1	289	
4451	1	290	
4452	1	291	
4453	1	292	
4454	1	293	
4455	1	294	
4456	1	295	
4457	1	296	
4458	1	297	
4459	1	298	
4460	1	299	
4461	1	300	
4462	1	301	
4463	1	302	
4464	1	303	
4465	1	304	
4466	1	305	
4467	1	306	
4468	1	307	
4469	1	308	
4470	1	309	
4471	1	310	
4472	1	311	
4473	1	312	
4474	1	313	
4475	1	314	
4476	1	315	
4477	1	316	
4478	1	317	
4479	1	318	
4480	1	319	
4481	1	0	
4482	1	1	
4483	1	2	
4484	1	3	
4485	1	4	
4486	1	5	
4487	1	6	
4488	1	7	
4489	1	8	
4490	1	9	
4491	1	10	
4492	1	11	
4493	1	12	
4494	1	13	
4495	1	14	
4496	1	15	
4497	1	16	
4498	1	17	
4499	1	18	
4500	1	19	
4501	1	20	
4502	1	21	
4503	1	22	
4504	1	23	
4505	1	24	
4506	1	25	
4507	1	26	
4508	1	27	
4509	1	28	
4510	1	29	
4511	1	30	
4512	1	31	
4513	1	32	
4514	1	33	
4515	1	34	
4516	1	35	
4517	1	36	
4518	1	37	
4519	1	38	
4520	1	39	
4521	1	40	
4522	1	41	
4523	1	42	
4524	1	43	
4525	1	44	
4526	1	45	
4527	1	46	
4528	1	47	
4529	1	48	
4530	1	49	
4531	1	50	
4532	1	51	
4533	1	52	
4534	1	53	
4535	1	54	
4536	1	55	
4537	1	56	
4538	1	57	
4539	1	58	
4540	1	59	
4541	1	60	
4542	1	61	
4543	1	62	
4544	1	63	
4545	1	64	
4546	1	65	
4547	1	66	
4548	1	67	
4549	1	68	
4550	1	69	
4551	1	70	
4552	1	71	
4553	1	72	
4554	1	73	
4555	1	74	
4556	1	75	
4557	1	76	
4558	1	77	
4559	1	78	
4560	1	79	
4561	1	80	
4562	1	81	
4563	1	82	
4564	1	83	
4565	1	84	
4566	1	85	
4567	1	86	
4568	1	87	
4569	1	88	
4570	1	89	
4571	1	90	
4572	1	91	
4573	1	92	
4574	1	93	
4575	1	94	
4576	1	95	
4577	1	96	
4578	1	97	
4579	1	98	
4580	1	99	
4581	1	100	
4582	1	101	
4583	1	102	
4584	1	103	
4585	1	104	
4586	1	105	
4587	1	106	
4588	1	107	
4589	1	108	
4590	1	109	
4591	1	110	
4592	1	111	
4593	1	112	
4594	1	113	
4595	1	114	
4596	1	115	
4597	1	116	
4598	1	117	
4599	1	118	
4600	1	119	
4601	1	120	
4602	1	121	
4603	1	122	
4604	1	123	
4605	1	124	
4606	1	125	
4607	1	126	
4608	1	127	
4609	1	128	
4610	1	129	
4611	1	130	
4612	1	131	
4613	1	132	
4614	1	133	
4615	1	134	
4616	1	135	
4617	1	136	
4618	1	137	
4619	1	138	
4620	1	139	
4621	1	140	
4622	1	141	
4623	1	142	
4624	1	143	
4625	1	144	
4626	1	145	
4627	1	146	
4628	1	147	
4629	1	148	
4630	1	149	
4631	1	150	
4632	1	151	
4633	1	152	
4634	1	153	
4635	1	154	
4636	1	155	
4637	1	156	
4638	1	157	
4639	1	158	
4640	1	159	
4641	1	160	
4642	1	161	
4643	1	162	
4644	1	163	
4645	1	164	
4646	1	165	
4647	1	166	
4648	1	167	
4649	1	168	
4650	1	169	
4651	1	170	
4652	1	171	
4653	1	172	
4654	1	173	
4655	1	174	
4656	1	175	
4657	1	176	
4658	1	177	
4659	1	178	
4660	1	179	
4661	1	180	
4662	1	181	
4663	1	182	
4664	1	183	
4665	1	184	
4666	1	185	
4667	1	186	
4668	1	187	
4669	1	188	
4670	1	189	
4671	1	190	
4672	1	191	
4673	1	192	
4674	1	193	
4675	1	194	
4676	1	195	
4677	1	196	
4678	1	197	
4679	1	198	
4680	1	199	
4681	1	200	
4682	1	201	
4683	1	202	
4684	1	203	
4685	1	204	
4686	1	205	
4687	1	206	
4688	1	207	
4689	1	208	
4690	1	209	
4691	1	210	
4692	1	211	
4693	1	212	
4694	1	213	
4695	1	214	
4696	1	215	
4697	1	216	
4698	1	217	
4699	1	218	
4700	1	219	
4701	1	220	
4702	1	221	
4703	1	222	
4704	1	223	
4705	1	224	
4706	1	225	
4707	1	226	
4708	1	227	
4709	1	228	
4710	1	229	
4711	1	230	
4712	1	231	
4713	1	232	
4714	1	233	
4715	1	234	
4716	1	235	
4717	1	236	
4718	1	237	
4719	1	238	
4720	1	239	
4721	1	240	
4722	1	241	
4723	1	242	
4724	1	243	
4725	1	244	
4726	1	245	
4727	1	246	
4728	1	247	
4729	1	248	
4730	1	249	
4731	1	250	
4732	1	251	
4733	1	252	
4734	1	253	
4735	1	254	
4736	1	255	
4737	1	256	
4738	1	257	
4739	1	258	
4740	1	259	
4741	1	260	
4742	1	261	
4743	1	262	
4744	1	263	
4745	1	264	
4746	1	265	
4747	1	266	
4748	1	267	
4749	1	268	
4750	1	269	
4751	1	270	
4752	1	271	
4753	1	272	
4754	1	273	
4755	1	274	
4756	1	275	
4757	1	276	
4758	1	277	
4759	1	278	
4760	1	279	
4761	1	280	
4762	1	281	
4763	1	282	
4764	1	283	
4765	1	284	
4766	1	285	
4767	1	286	
4768	1	287	
4769	1	288	
4770	1	289	
4771	1	290	
4772	1	291	
4773	1	292	
4774	1	293	
4775	1	294	
4776	1	295	
4777	1	296	
4778	1	297	
4779	1	298	
4780	1	299	
4781	1	300	
4782	1	301	
4783	1	302	
4784	1	303	
4785	1	304	
4786	1	305	
4787	1	306	
4788	1	307	
4789	1	308	
4790	1	309	
4791	1	310	
4792	1	311	
4793	1	312	
4794	1	313	
4795	1	314	
4796	1	315	
4797	1	316	
4798	1	317	
4799	1	318	
4800	1	319	
4801	1	0	
4802	1	1	
4803	1	2	
4804	1	3	
4805	1	4	
4806	1	5	
4807	1	6	
4808	1	7	
4809	1	8	
4810	1	9	
4811	1	10	
4812	1	11	
4813	1	12	
4814	1	13	
4815	1	14	
4816	1	15	
4817	1	16	
4818	1	17	
4819	1	18	
4820	1	19	
4821	1	20	
4822	1	21	
4823	1	22	
4824	1	23	
4825	1	24	
4826	1	25	
4827	1	26	
4828	1	27	
4829	1	28	
4830	1	29	
4831	1	30	
4832	1	31	
4833	1	32	
4834	1	33	
4835	1	34	
4836	1	35	
4837	1	36	
4838	1	37	
4839	1	38	
4840	1	39	
4841	1	40	
4842	1	41	
4843	1	42	
4844	1	43	
4845	1	44	
4846	1	45	
4847	1	46	
4848	1	47	
4849	1	48	
4850	1	49	
4851	1	50	
4852	1	51	
4853	1	52	
4854	1	53	
4855	1	54	
4856	1	55	
4857	1	56	
4858	1	57	
4859	1	58	
4860	1	59	
4861	1	60	
4862	1	61	
4863	1	62	
4864	1	63	
4865	1	64	
4866	1	65	
4867	1	66	
4868	1	67	
4869	1	68	
4870	1	69	
4871	1	70	
4872	1	71	
4873	1	72	
4874	1	73	
4875	1	74	
4876	1	75	
4877	1	76	
4878	1	77	
4879	1	78	
4880	1	79	
4881	1	80	
4882	1	81	
4883	1	82	
4884	1	83	
4885	1	84	
4886	1	85	
4887	1	86	
4888	1	87	
4889	1	88	
4890	1	89	
4891	1	90	
4892	1	91	
4893	1	92	
4894	1	93	
4895	1	94	
4896	1	95	
4897	1	96	
4898	1	97	
4899	1	98	
4900	1	99	
4901	1	100	
4902	1	101	
4903	1	102	
4904	1	103	
4905	1	104	
4906	1	105	
4907	1	106	
4908	1	107	
4909	1	108	
4910	1	109	
4911	1	110	
4912	1	111	
4913	1	112	
4914	1	113	
4915	1	114	
4916	1	115	
4917	1	116	
4918	1	117	
4919	1	118	
4920	1	119	
4921	1	120	
4922	1	121	
4923	1	122	
4924	1	123	
4925	1	124	
4926	1	125	
4927	1	126	
4928	1	127	
4929	1	128	
4930	1	129	
4931	1	130	
4932	1	131	
4933	1	132	
4934	1	133	
4935	1	134	
4936	1	135	
4937	1	136	
4938	1	137	
4939	1	138	
4940	1	139	
4941	1	140	
4942	1	141	
4943	1	142	
4944	1	143	
4945	1	144	
4946	1	145	
4947	1	146	
4948	1	147	
4949	1	148	
4950	1	149	
4951	1	150	
4952	1	151	
4953	1	152	
4954	1	153	
4955	1	154	
4956	1	155	
4957	1	156	
4958	1	157	
4959	1	158	
4960	1	159	
4961	1	160	
4962	1	161	
4963	1	162	
4964	1	163	
4965	1	164	
4966	1	165	
4967	1	166	
4968	1	167	
4969	1	168	
4970	1	169	
4971	1	170	
4972	1	171	
4973	1	172	
4974	1	173	
4975	1	174	
4976	1	175	
4977	1	176	
4978	1	177	
4979	1	178	
4980	1	179	
4981	1	180	
4982	1	181	
4983	1	182	
4984	1	183	
4985	1	184	
4986	1	185	
4987	1	186	
4988	1	187	
4989	1	188	
4990	1	189	
4991	1	190	
4992	1	191	
4993	1	192	
4994	1	193	
4995	1	194	
4996	1	195	
4997	1	196	
4998	1	197	
4999	1	198	
5000	1	199	
5001	1	200	
5002	1	201	
5003	1	202	
5004	1	203	
5005	1	204	
5006	1	205	
5007	1	206	
5008	1	207	
5009	1	208	
5010	1	209	
5011	1	210	
5012	1	211	
5013	1	212	
5014	1	213	
5015	1	214	
5016	1	215	
5017	1	216	
5018	1	217	
5019	1	218	
5020	1	219	
5021	1	220	
5022	1	221	
5023	1	222	
5024	1	223	
5025	1	224	
5026	1	225	
5027	1	226	
5028	1	227	
5029	1	228	
5030	1	229	
5031	1	230	
5032	1	231	
5033	1	232	
5034	1	233	
5035	1	234	
5036	1	235	
5037	1	236	
5038	1	237	
5039	1	238	
5040	1	239	
5041	1	240	
5042	1	241	
5043	1	242	
5044	1	243	
5045	1	244	
5046	1	245	
5047	1	246	
5048	1	247	
5049	1	248	
5050	1	249	
5051	1	250	
5052	1	251	
5053	1	252	
5054	1	253	
5055	1	254	
5056	1	255	
5057	1	256	
5058	1	257	
5059	1	258	
5060	1	259	
5061	1	260	
5062	1	261	
5063	1	262	
5064	1	263	
5065	1	264	
5066	1	265	
5067	1	266	
5068	1	267	
5069	1	268	
5070	1	269	
5071	1	270	
5072	1	271	
5073	1	272	
5074	1	273	
5075	1	274	
5076	1	275	
5077	1	276	
5078	1	277	
5079	1	278	
5080	1	279	
5081	1	280	
5082	1	281	
5083	1	282	
5084	1	283	
5085	1	284	
5086	1	285	
5087	1	286	
5088	1	287	
5089	1	288	
5090	1	289	
5091	1	290	
5092	1	291	
5093	1	292	
5094	1	293	
5095	1	294	
5096	1	295	
5097	1	296	
5098	1	297	
5099	1	298	
5100	1	299	
5101	1	300	
5102	1	301	
5103	1	302	
5104	1	303	
5105	1	304	
5106	1	305	
5107	1	306	
5108	1	307	
5109	1	308	
5110	1	309	
5111	1	310	
5112	1	311	
5113	1	312	
5114	1	313	
5115	1	314	
5116	1	315	
5117	1	316	
5118	1	317	
5119	1	318	
5120	1	319	
5121	1	0	
5122	1	1	
5123	1	2	
5124	1	3	
5125	1	4	
5126	1	5	
5127	1	6	
5128	1	7	
5129	1	8	
5130	1	9	
5131	1	10	
5132	1	11	
5133	1	12	
5134	1	13	
5135	1	14	
5136	1	15	
5137	1	16	
5138	1	17	
5139	1	18	
5140	1	19	
5141	1	20	
5142	1	21	
5143	1	22	
5144	1	23	
5145	1	24	
5146	1	25	
5147	1	26	
5148	1	27	
5149	1	28	
5150	1	29	
5151	1	30	
5152	1	31	
5153	1	32	
5154	1	33	
5155	1	34	
5156	1	35	
5157	1	36	
5158	1	37	
5159	1	38	
5160	1	39	
5161	1	40	
5162	1	41	
5163	1	42	
5164	1	43	
5165	1	44	
5166	1	45	
5167	1	46	
5168	1	47	
5169	1	48	
5170	1	49	
5171	1	50	
5172	1	51	
5173	1	52	
5174	1	53	
5175	1	54	
5176	1	55	
5177	1	56	
5178	1	57	
5179	1	58	
5180	1	59	
5181	1	60	
5182	1	61	
5183	1	62	
5184	1	63	
5185	1	64	
5186	1	65	
5187	1	66	
5188	1	67	
5189	1	68	
5190	1	69	
5191	1	70	
5192	1	71	
5193	1	72	
5194	1	73	
5195	1	74	
5196	1	75	
5197	1	76	
5198	1	77	
5199	1	78	
5200	1	79	
5201	1	80	
5202	1	81	
5203	1	82	
5204	1	83	
5205	1	84	
5206	1	85	
5207	1	86	
5208	1	87	
5209	1	88	
5210	1	89	
5211	1	90	
5212	1	91	
5213	1	92	
5214	1	93	
5215	1	94	
5216	1	95	
5217	1	96	
5218	1	97	
5219	1	98	
5220	1	99	
5221	1	100	
5222	1	101	
5223	1	102	
5224	1	103	
5225	1	104	
5226	1	105	
5227	1	106	
5228	1	107	
5229	1	108	
5230	1	109	
5231	1	110	
5232	1	111	
5233	1	112	
5234	1	113	
5235	1	114	
5236	1	115	
5237	1	116	
5238	1	117	
5239	1	118	
5240	1	119	
5241	1	120	
5242	1	121	
5243	1	122	
5244	1	123	
5245	1	124	
5246	1	125	
5247	1	126	
5248	1	127	
5249	1	128	
5250	1	129	
5251	1	130	
5252	1	131	
5253	1	132	
5254	1	133	
5255	1	134	
5256	1	135	
5257	1	136	
5258	1	137	
5259	1	138	
5260	1	139	
5261	1	140	
5262	1	141	
5263	1	142	
5264	1	143	
5265	1	144	
5266	1	145	
5267	1	146	
5268	1	147	
5269	1	148	
5270	1	149	
5271	1	150	
5272	1	151	
5273	1	152	
5274	1	153	
5275	1	154	
5276	1	155	
5277	1	156	
5278	1	157	
5279	1	158	
5280	1	159	
5281	1	160	
5282	1	161	
5283	1	162	
5284	1	163	
5285	1	164	
5286	1	165	
5287	1	166	
5288	1	167	
5289	1	168	
5290	1	169	
5291	1	170	
5292	1	171	
5293	1	172	
5294	1	173	
5295	1	174	
5296	1	175	
5297	1	176	
5298	1	177	
5299	1	178	
5300	1	179	
5301	1	180	
5302	1	181	
5303	1	182	
5304	1	183	
5305	1	184	
5306	1	185	
5307	1	186	
5308	1	187	
5309	1	188	
5310	1	189	
5311	1	190	
5312	1	191	
5313	1	192	
5314	1	193	
5315	1	194	
5316	1	195	
5317	1	196	
5318	1	197	
5319	1	198	
5320	1	199	
5321	1	200	
5322	1	201	
5323	1	202	
5324	1	203	
5325	1	204	
5326	1	205	
5327	1	206	
5328	1	207	
5329	1	208	
5330	1	209	
5331	1	210	
5332	1	211	
5333	1	212	
5334	1	213	
5335	1	214	
5336	1	215	
5337	1	216	
5338	1	217	
5339	1	218	
5340	1	219	
5341	1	220	
5342	1	221	
5343	1	222	
5344	1	223	
5345	1	224	
5346	1	225	
5347	1	226	
5348	1	227	
5349	1	228	
5350	1	229	
5351	1	230	
5352	1	231	
5353	1	232	
5354	1	233	
5355	1	234	
5356	1	235	
5357	1	236	
5358	1	237	
5359	1	238	
5360	1	239	
5361	1	240	
5362	1	241	
5363	1	242	
5364	1	243	
5365	1	244	
5366	1	245	
5367	1	246	
5368	1	247	
5369	1	248	
5370	1	249	
5371	1	250	
5372	1	251	
5373	1	252	
5374	1	253	
5375	1	254	
5376	1	255	
5377	1	256	
5378	1	257	
5379	1	258	
5380	1	259	
5381	1	260	
5382	1	261	
5383	1	262	
5384	1	263	
5385	1	264	
5386	1	265	
5387	1	266	
5388	1	267	
5389	1	268	
5390	1	269	
5391	1	270	
5392	1	271	
5393	1	272	
5394	1	273	
5395	1	274	
5396	1	275	
5397	1	276	
5398	1	277	
5399	1	278	
5400	1	279	
5401	1	280	
5402	1	281	
5403	1	282	
5404	1	283	
5405	1	284	
5406	1	285	
5407	1	286	
5408	1	287	
5409	1	288	
5410	1	289	
5411	1	290	
5412	1	291	
5413	1	292	
5414	1	293	
5415	1	294	
5416	1	295	
5417	1	296	
5418	1	297	
5419	1	298	
5420	1	299	
5421	1	300	
5422	1	301	
5423	1	302	
5424	1	303	
5425	1	304	
5426	1	305	
5427	1	306	
5428	1	307	
5429	1	308	
5430	1	309	
5431	1	310	
5432	1	311	
5433	1	312	
5434	1	313	
5435	1	314	
5436	1	315	
5437	1	316	
5438	1	317	
5439	1	318	
5440	1	319	
5441	1	0	
5442	1	1	
5443	1	2	
5444	1	3	
5445	1	4	
5446	1	5	
5447	1	6	
5448	1	7	
5449	1	8	
5450	1	9	
5451	1	10	
5452	1	11	
5453	1	12	
5454	1	13	
5455	1	14	
5456	1	15	
5457	1	16	
5458	1	17	
5459	1	18	
5460	1	19	
5461	1	20	
5462	1	21	
5463	1	22	
5464	1	23	
5465	1	24	
5466	1	25	
5467	1	26	
5468	1	27	
5469	1	28	
5470	1	29	
5471	1	30	
5472	1	31	
5473	1	32	
5474	1	33	
5475	1	34	
5476	1	35	
5477	1	36	
5478	1	37	
5479	1	38	
5480	1	39	
5481	1	40	
5482	1	41	
5483	1	42	
5484	1	43	
5485	1	44	
5486	1	45	
5487	1	46	
5488	1	47	
5489	1	48	
5490	1	49	
5491	1	50	
5492	1	51	
5493	1	52	
5494	1	53	
5495	1	54	
5496	1	55	
5497	1	56	
5498	1	57	
5499	1	58	
5500	1	59	
5501	1	60	
5502	1	61	
5503	1	62	
5504	1	63	
5505	1	64	
5506	1	65	
5507	1	66	
5508	1	67	
5509	1	68	
5510	1	69	
5511	1	70	
5512	1	71	
5513	1	72	
5514	1	73	
5515	1	74	
5516	1	75	
5517	1	76	
5518	1	77	
5519	1	78	
5520	1	79	
5521	1	80	
5522	1	81	
5523	1	82	
5524	1	83	
5525	1	84	
5526	1	85	
5527	1	86	
5528	1	87	
5529	1	88	
5530	1	89	
5531	1	90	
5532	1	91	
5533	1	92	
5534	1	93	
5535	1	94	
5536	1	95	
5537	1	96	
5538	1	97	
5539	1	98	
5540	1	99	
5541	1	100	
5542	1	101	
5543	1	102	
5544	1	103	
5545	1	104	
5546	1	105	
5547	1	106	
5548	1	107	
5549	1	108	
5550	1	109	
5551	1	110	
5552	1	111	
5553	1	112	
5554	1	113	
5555	1	114	
5556	1	115	
5557	1	116	
5558	1	117	
5559	1	118	
5560	1	119	
5561	1	120	
5562	1	121	
5563	1	122	
5564	1	123	
5565	1	124	
5566	1	125	
5567	1	126	
5568	1	127	
5569	1	128	
5570	1	129	
5571	1	130	
5572	1	131	
5573	1	132	
5574	1	133	
5575	1	134	
5576	1	135	
5577	1	136	
5578	1	137	
5579	1	138	
5580	1	139	
5581	1	140	
5582	1	141	
5583	1	142	
5584	1	143	
5585	1	144	
5586	1	145	
5587	1	146	
5588	1	147	
5589	1	148	
5590	1	149	
5591	1	150	
5592	1	151	
5593	1	152	
5594	1	153	
5595	1	154	
5596	1	155	
5597	1	156	
5598	1	157	
5599	1	158	
5600	1	159	
5601	1	160	
5602	1	161	
5603	1	162	
5604	1	163	
5605	1	164	
5606	1	165	
5607	1	166	
5608	1	167	
5609	1	168	
5610	1	169	
5611	1	170	
5612	1	171	
5613	1	172	
5614	1	173	
5615	1	174	
5616	1	175	
5617	1	176	
5618	1	177	
5619	1	178	
5620	1	179	
5621	1	180	
5622	1	181	
5623	1	182	
5624	1	183	
5625	1	184	
5626	1	185	
5627	1	186	
5628	1	187	
5629	1	188	
5630	1	189	
5631	1	190	
5632	1	191	
5633	1	192	
5634	1	193	
5635	1	194	
5636	1	195	
5637	1	196	
5638	1	197	
5639	1	198	
5640	1	199	
5641	1	200	
5642	1	201	
5643	1	202	
5644	1	203	
5645	1	204	
5646	1	205	
5647	1	206	
5648	1	207	
5649	1	208	
5650	1	209	
5651	1	210	
5652	1	211	
5653	1	212	
5654	1	213	
5655	1	214	
5656	1	215	
5657	1	216	
5658	1	217	
5659	1	218	
5660	1	219	
5661	1	220	
5662	1	221	
5663	1	222	
5664	1	223	
5665	1	224	
5666	1	225	
5667	1	226	
5668	1	227	
5669	1	228	
5670	1	229	
5671	1	230	
5672	1	231	
5673	1	232	
5674	1	233	
5675	1	234	
5676	1	235	
5677	1	236	
5678	1	237	
5679	1	238	
5680	1	239	
5681	1	240	
5682	1	241	
5683	1	242	
5684	1	243	
5685	1	244	
5686	1	245	
5687	1	246	
5688	1	247	
5689	1	248	
5690	1	249	
5691	1	250	
5692	1	251	
5693	1	252	
5694	1	253	
5695	1	254	
5696	1	255	
5697	1	256	
5698	1	257	
5699	1	258	
5700	1	259	
5701	1	260	
5702	1	261	
5703	1	262	
5704	1	263	
5705	1	264	
5706	1	265	
5707	1	266	
5708	1	267	
5709	1	268	
5710	1	269	
5711	1	270	
5712	1	271	
5713	1	272	
5714	1	273	
5715	1	274	
5716	1	275	
5717	1	276	
5718	1	277	
5719	1	278	
5720	1	279	
5721	1	280	
5722	1	281	
5723	1	282	
5724	1	283	
5725	1	284	
5726	1	285	
5727	1	286	
5728	1	287	
5729	1	288	
5730	1	289	
5731	1	290	
5732	1	291	
5733	1	292	
5734	1	293	
5735	1	294	
5736	1	295	
5737	1	296	
5738	1	297	
5739	1	298	
5740	1	299	
5741	1	300	
5742	1	301	
5743	1	302	
5744	1	303	
5745	1	304	
5746	1	305	
5747	1	306	
5748	1	307	
5749	1	308	
5750	1	309	
5751	1	310	
5752	1	311	
5753	1	312	
5754	1	313	
5755	1	314	
5756	1	315	
5757	1	316	
5758	1	317	
5759	1	318	
5760	1	319	
5761	1	0	
5762	1	1	
5763	1	2	
5764	1	3	
5765	1	4	
5766	1	5	
5767	1	6	
5768	1	7	
5769	1	8	
5770	1	9	
5771	1	10	
5772	1	11	
5773	1	12	
5774	1	13	
5775	1	14	
5776	1	15	
5777	1	16	
5778	1	17	
5779	1	18	
5780	1	19	
5781	1	20	
5782	1	21	
5783	1	22	
5784	1	23	
5785	1	24	
5786	1	25	
5787	1	26	
5788	1	27	
5789	1	28	
5790	1	29	
5791	1	30	
5792	1	31	
5793	1	32	
5794	1	33	
5795	1	34	
5796	1	35	
5797	1	36	
5798	1	37	
5799	1	38	
5800	1	39	
5801	1	40	
5802	1	41	
5803	1	42	
5804	1	43	
5805	1	44	
5806	1	45	
5807	1	46	
5808	1	47	
5809	1	48	
5810	1	49	
5811	1	50	
5812	1	51	
5813	1	52	
5814	1	53	
5815	1	54	
5816	1	55	
5817	1	56	
5818	1	57	
5819	1	58	
5820	1	59	
5821	1	60	
5822	1	61	
5823	1	62	
5824	1	63	
5825	1	64	
5826	1	65	
5827	1	66	
5828	1	67	
5829	1	68	
5830	1	69	
5831	1	70	
5832	1	71	
5833	1	72	
5834	1	73	
5835	1	74	
5836	1	75	
5837	1	76	
5838	1	77	
5839	1	78	
5840	1	79	
5841	1	80	
5842	1	81	
5843	1	82	
5844	1	83	
5845	1	84	
5846	1	85	
5847	1	86	
5848	1	87	
5849	1	88	
5850	1	89	
5851	1	90	
5852	1	91	
5853	1	92	
5854	1	93	
5855	1	94	
5856	1	95	
5857	1	96	
5858	1	97	
5859	1	98	
5860	1	99	
5861	1	100	
5862	1	101	
5863	1	102	
5864	1	103	
5865	1	104	
5866	1	105	
5867	1	106	
5868	1	107	
5869	1	108	
5870	1	109	
5871	1	110	
5872	1	111	
5873	1	112	
5874	1	113	
5875	1	114	
5876	1	115	
5877	1	116	
5878	1	117	
5879	1	118	
5880	1	119	
5881	1	120	
5882	1	121	
5883	1	122	
5884	1	123	
5885	1	124	
5886	1	125	
5887	1	126	
5888	1	127	
5889	1	128	
5890	1	129	
5891	1	130	
5892	1	131	
5893	1	132	
5894	1	133	
5895	1	134	
5896	1	135	
5897	1	136	
5898	1	137	
5899	1	138	
5900	1	139	
5901	1	140	
5902	1	141	
5903	1	142	
5904	1	143	
5905	1	144	
5906	1	145	
5907	1	146	
5908	1	147	
5909	1	148	
5910	1	149	
5911	1	150	
5912	1	151	
5913	1	152	
5914	1	153	
5915	1	154	
5916	1	155	
5917	1	156	
5918	1	157	
5919	1	158	
5920	1	159	
5921	1	160	
5922	1	161	
5923	1	162	
5924	1	163	
5925	1	164	
5926	1	165	
5927	1	166	
5928	1	167	
5929	1	168	
5930	1	169	
5931	1	170	
5932	1	171	
5933	1	172	
5934	1	173	
5935	1	174	
5936	1	175	
5937	1	176	
5938	1	177	
5939	1	178	
5940	1	179	
5941	1	180	
5942	1	181	
5943	1	182	
5944	1	183	
5945	1	184	
5946	1	185	
5947	1	186	
5948	1	187	
5949	1	188	
5950	1	189	
5951	1	190	
5952	1	191	
5953	1	192	
5954	1	193	
5955	1	194	
5956	1	195	
5957	1	196	
5958	1	197	
5959	1	198	
5960	1	199	
5961	1	200	
5962	1	201	
5963	1	202	
5964	1	203	
5965	1	204	
5966	1	205	
5967	1	206	
5968	1	207	
5969	1	208	
5970	1	209	
5971	1	210	
5972	1	211	
5973	1	212	
5974	1	213	
5975	1	214	
5976	1	215	
5977	1	216	
5978	1	217	
5979	1	218	
5980	1	219	
5981	1	220	
5982	1	221	
5983	1	222	
5984	1	223	
5985	1	224	
5986	1	225	
5987	1	226	
5988	1	227	
5989	1	228	
5990	1	229	
5991	1	230	
5992	1	231	
5993	1	232	
5994	1	233	
5995	1	234	
5996	1	235	
5997	1	236	
5998	1	237	
5999	1	238	
6000	1	239	
6001	1	240	
6002	1	241	
6003	1	242	
6004	1	243	
6005	1	244	
6006	1	245	
6007	1	246	
6008	1	247	
6009	1	248	
6010	1	249	
6011	1	250	
6012	1	251	
6013	1	252	
6014	1	253	
6015	1	254	
6016	1	255	
6017	1	256	
6018	1	257	
6019	1	258	
6020	1	259	
6021	1	260	
6022	1	261	
6023	1	262	
6024	1	263	
6025	1	264	
6026	1	265	
6027	1	266	
6028	1	267	
6029	1	268	
6030	1	269	
6031	1	270	
6032	1	271	
6033	1	272	
6034	1	273	
6035	1	274	
6036	1	275	
6037	1	276	
6038	1	277	
6039	1	278	
6040	1	279	
6041	1	280	
6042	1	281	
6043	1	282	
6044	1	283	
6045	1	284	
6046	1	285	
6047	1	286	
6048	1	287	
6049	1	288	
6050	1	289	
6051	1	290	
6052	1	291	
6053	1	292	
6054	1	293	
6055	1	294	
6056	1	295	
6057	1	296	
6058	1	297	
6059	1	298	
6060	1	299	
6061	1	300	
6062	1	301	
6063	1	302	
6064	1	303	
6065	1	304	
6066	1	305	
6067	1	306	
6068	1	307	
6069	1	308	
6070	1	309	
6071	1	310	
6072	1	311	
6073	1	312	
6074	1	313	
6075	1	314	
6076	1	315	
6077	1	316	
6078	1	317	
6079	1	318	
6080	1	319	
6081	1	0	
6082	1	1	
6083	1	2	
6084	1	3	
6085	1	4	
6086	1	5	
6087	1	6	
6088	1	7	
6089	1	8	
6090	1	9	
6091	1	10	
6092	1	11	
6093	1	12	
6094	1	13	
6095	1	14	
6096	1	15	
6097	1	16	
6098	1	17	
6099	1	18	
6100	1	19	
6101	1	20	
6102	1	21	
6103	1	22	
6104	1	23	
6105	1	24	
6106	1	25	
6107	1	26	
6108	1	27	
6109	1	28	
6110	1	29	
6111	1	30	
6112	1	31	
