2	0	2	0	0	0
3	0	3	0	0	0
4	0	4	0	0	0
5	0	5	0	0	0
6	0	6	0	0	0
7	0	7	0	0	0
8	0	8	0	0	0
9	0	9	0	0	0
2820	282	0	0	0	0
2821	282	1	0	0	0
2822	282	2	0	0	0
2823	282	3	0	0	0
2824	282	4	0	0	0
2825	282	5	0	0	0
2826	282	6	0	0	0
2827	282	7	0	0	0
2828	282	8	0	0	0
2829	282	9	0	0	0
2830	283	0	0	0	0
2831	283	1	0	0	0
2832	283	2	0	0	0
2833	283	3	0	0	0
2834	283	4	0	0	0
2835	283	5	0	0	0
2836	283	6	0	0	0
2837	283	7	0	0	0
2838	283	8	0	0	0
2839	283	9	0	0	0
2840	284	0	0	0	0
2841	284	1	0	0	0
2842	284	2	0	0	0
2843	284	3	0	0	0
2844	284	4	0	0	0
2845	284	5	0	0	0
2846	284	6	0	0	0
2847	284	7	0	0	0
2848	284	8	0	0	0
2849	284	9	0	0	0
2850	285	0	0	0	0
2851	285	1	0	0	0
2852	285	2	0	0	0
2853	285	3	0	0	0
2854	285	4	0	0	0
2855	285	5	0	0	0
2856	285	6	0	0	0
2857	285	7	0	0	0
2858	285	8	0	0	0
2859	285	9	0	0	0
2860	286	0	0	0	0
2861	286	1	0	0	0
2862	286	2	0	0	0
2863	286	3	0	0	0
2864	286	4	0	0	0
2865	286	5	0	0	0
2866	286	6	0	0	0
2867	286	7	0	0	0
2868	286	8	0	0	0
2869	286	9	0	0	0
2870	287	0	0	0	0
2871	287	1	0	0	0
2872	287	2	0	0	0
2873	287	3	0	0	0
2874	287	4	0	0	0
2875	287	5	0	0	0
2876	287	6	0	0	0
2877	287	7	0	0	0
2878	287	8	0	0	0
2879	287	9	0	0	0
2880	288	0	0	0	0
2881	288	1	0	0	0
2882	288	2	0	0	0
2883	288	3	0	0	0
2884	288	4	0	0	0
2885	288	5	0	0	0
2886	288	6	0	0	0
2887	288	7	0	0	0
2888	288	8	0	0	0
2889	288	9	0	0	0
2890	289	0	0	0	0
2891	289	1	0	0	0
2892	289	2	0	0	0
2893	289	3	0	0	0
2894	289	4	0	0	0
2895	289	5	0	0	0
2896	289	6	0	0	0
2897	289	7	0	0	0
2898	289	8	0	0	0
2899	289	9	0	0	0
2900	290	0	0	0	0
2901	290	1	0	0	0
2902	290	2	0	0	0
2903	290	3	0	0	0
2904	290	4	0	0	0
2905	290	5	0	0	0
2906	290	6	0	0	0
2907	290	7	0	0	0
2908	290	8	0	0	0
2909	290	9	0	0	0
2910	291	0	0	0	0
2911	291	1	0	0	0
2912	291	2	0	0	0
2913	291	3	0	0	0
2914	291	4	0	0	0
2915	291	5	0	0	0
2916	291	6	0	0	0
2917	291	7	0	0	0
2918	291	8	0	0	0
2919	291	9	0	0	0
2920	292	0	0	0	0
2921	292	1	0	0	0
2922	292	2	0	0	0
2923	292	3	0	0	0
2924	292	4	0	0	0
2925	292	5	0	0	0
2926	292	6	0	0	0
2927	292	7	0	0	0
2928	292	8	0	0	0
2929	292	9	0	0	0
2930	293	0	0	0	0
2931	293	1	0	0	0
2932	293	2	0	0	0
2933	293	3	0	0	0
2934	293	4	0	0	0
2935	293	5	0	0	0
2936	293	6	0	0	0
2937	293	7	0	0	0
2938	293	8	0	0	0
2939	293	9	0	0	0
2940	294	0	0	0	0
2941	294	1	0	0	0
2942	294	2	0	0	0
2943	294	3	0	0	0
2944	294	4	0	0	0
2945	294	5	0	0	0
2946	294	6	0	0	0
2947	294	7	0	0	0
2948	294	8	0	0	0
2949	294	9	0	0	0
2950	295	0	0	0	0
2951	295	1	0	0	0
2952	295	2	0	0	0
2953	295	3	0	0	0
2954	295	4	0	0	0
2955	295	5	0	0	0
2956	295	6	0	0	0
2957	295	7	0	0	0
2958	295	8	0	0	0
2959	295	9	0	0	0
2960	296	0	0	0	0
2961	296	1	0	0	0
2962	296	2	0	0	0
2963	296	3	0	0	0
2964	296	4	0	0	0
2965	296	5	0	0	0
2966	296	6	0	0	0
2967	296	7	0	0	0
2968	296	8	0	0	0
2969	296	9	0	0	0
2970	297	0	0	0	0
2971	297	1	0	0	0
2972	297	2	0	0	0
2973	297	3	0	0	0
2974	297	4	0	0	0
2975	297	5	0	0	0
2976	297	6	0	0	0
2977	297	7	0	0	0
2978	297	8	0	0	0
2979	297	9	0	0	0
2980	298	0	0	0	0
2981	298	1	0	0	0
2982	298	2	0	0	0
2983	298	3	0	0	0
2984	298	4	0	0	0
2985	298	5	0	0	0
2986	298	6	0	0	0
2987	298	7	0	0	0
2988	298	8	0	0	0
2989	298	9	0	0	0
2990	299	0	0	0	0
2991	299	1	0	0	0
2992	299	2	0	0	0
2993	299	3	0	0	0
2994	299	4	0	0	0
2995	299	5	0	0	0
2996	299	6	0	0	0
2997	299	7	0	0	0
2998	299	8	0	0	0
2999	299	9	0	0	0
3000	300	0	0	0	0
3001	300	1	0	0	0
3002	300	2	0	0	0
3003	300	3	0	0	0
3004	300	4	0	0	0
3005	300	5	0	0	0
3006	300	6	0	0	0
3007	300	7	0	0	0
3008	300	8	0	0	0
3009	300	9	0	0	0
3010	301	0	0	0	0
3011	301	1	0	0	0
3012	301	2	0	0	0
3013	301	3	0	0	0
3014	301	4	0	0	0
3015	301	5	0	0	0
3016	301	6	0	0	0
3017	301	7	0	0	0
3018	301	8	0	0	0
3019	301	9	0	0	0
3020	302	0	0	0	0
3021	302	1	0	0	0
3022	302	2	0	0	0
3023	302	3	0	0	0
3024	302	4	0	0	0
3025	302	5	0	0	0
3026	302	6	0	0	0
3027	302	7	0	0	0
3028	302	8	0	0	0
3029	302	9	0	0	0
3030	303	0	0	0	0
3031	303	1	0	0	0
3032	303	2	0	0	0
3033	303	3	0	0	0
3034	303	4	0	0	0
3035	303	5	0	0	0
3036	303	6	0	0	0
3037	303	7	0	0	0
3038	303	8	0	0	0
3039	303	9	0	0	0
3040	304	0	0	0	0
3041	304	1	0	0	0
3042	304	2	0	0	0
3043	304	3	0	0	0
3044	304	4	0	0	0
3045	304	5	0	0	0
3046	304	6	0	0	0
3047	304	7	0	0	0
3048	304	8	0	0	0
3049	304	9	0	0	0
3050	305	0	0	0	0
3051	305	1	0	0	0
3052	305	2	0	0	0
3053	305	3	0	0	0
3054	305	4	0	0	0
3055	305	5	0	0	0
3056	305	6	0	0	0
3057	305	7	0	0	0
3058	305	8	0	0	0
3059	305	9	0	0	0
3060	306	0	0	0	0
3061	306	1	0	0	0
3062	306	2	0	0	0
3063	306	3	0	0	0
3064	306	4	0	0	0
3065	306	5	0	0	0
3066	306	6	0	0	0
3067	306	7	0	0	0
3068	306	8	0	0	0
3069	306	9	0	0	0
3070	307	0	0	0	0
3071	307	1	0	0	0
3072	307	2	0	0	0
3073	307	3	0	0	0
3074	307	4	0	0	0
3075	307	5	0	0	0
3076	307	6	0	0	0
3077	307	7	0	0	0
3078	307	8	0	0	0
3079	307	9	0	0	0
3080	308	0	0	0	0
3081	308	1	0	0	0
3082	308	2	0	0	0
3083	308	3	0	0	0
3084	308	4	0	0	0
3085	308	5	0	0	0
3086	308	6	0	0	0
3087	308	7	0	0	0
3088	308	8	0	0	0
3089	308	9	0	0	0
3090	309	0	0	0	0
3091	309	1	0	0	0
3092	309	2	0	0	0
3093	309	3	0	0	0
3094	309	4	0	0	0
3095	309	5	0	0	0
3096	309	6	0	0	0
3097	309	7	0	0	0
3098	309	8	0	0	0
3099	309	9	0	0	0
3100	310	0	0	0	0
3101	310	1	0	0	0
3102	310	2	0	0	0
3103	310	3	0	0	0
3104	310	4	0	0	0
3105	310	5	0	0	0
3106	310	6	0	0	0
3107	310	7	0	0	0
3108	310	8	0	0	0
3109	310	9	0	0	0
3110	311	0	0	0	0
3111	311	1	0	0	0
3112	311	2	0	0	0
3113	311	3	0	0	0
3114	311	4	0	0	0
3115	311	5	0	0	0
3116	311	6	0	0	0
3117	311	7	0	0	0
3118	311	8	0	0	0
3119	311	9	0	0	0
3120	312	0	0	0	0
3121	312	1	0	0	0
3122	312	2	0	0	0
3123	312	3	0	0	0
3124	312	4	0	0	0
3125	312	5	0	0	0
3126	312	6	0	0	0
3127	312	7	0	0	0
3128	312	8	0	0	0
3129	312	9	0	0	0
3130	313	0	0	0	0
3131	313	1	0	0	0
3132	313	2	0	0	0
3133	313	3	0	0	0
3134	313	4	0	0	0
3135	313	5	0	0	0
3136	313	6	0	0	0
3137	313	7	0	0	0
3138	313	8	0	0	0
3139	313	9	0	0	0
3140	314	0	0	0	0
3141	314	1	0	0	0
3142	314	2	0	0	0
3143	314	3	0	0	0
3144	314	4	0	0	0
3145	314	5	0	0	0
3146	314	6	0	0	0
3147	314	7	0	0	0
3148	314	8	0	0	0
3149	314	9	0	0	0
3150	315	0	0	0	0
3151	315	1	0	0	0
3152	315	2	0	0	0
3153	315	3	0	0	0
3154	315	4	0	0	0
3155	315	5	0	0	0
3156	315	6	0	0	0
3157	315	7	0	0	0
3158	315	8	0	0	0
3159	315	9	0	0	0
3160	316	0	0	0	0
3161	316	1	0	0	0
3162	316	2	0	0	0
3163	316	3	0	0	0
3164	316	4	0	0	0
3165	316	5	0	0	0
3166	316	6	0	0	0
3167	316	7	0	0	0
3168	316	8	0	0	0
3169	316	9	0	0	0
3170	317	0	0	0	0
3171	317	1	0	0	0
3172	317	2	0	0	0
3173	317	3	0	0	0
3174	317	4	0	0	0
3175	317	5	0	0	0
3176	317	6	0	0	0
3177	317	7	0	0	0
3178	317	8	0	0	0
3179	317	9	0	0	0
3180	318	0	0	0	0
3181	318	1	0	0	0
3182	318	2	0	0	0
3183	318	3	0	0	0
3184	318	4	0	0	0
3185	318	5	0	0	0
3186	318	6	0	0	0
3187	318	7	0	0	0
3188	318	8	0	0	0
3189	318	9	0	0	0
3190	319	0	0	0	0
3191	319	1	0	0	0
3192	319	2	0	0	0
3193	319	3	0	0	0
3194	319	4	0	0	0
3195	319	5	0	0	0
3196	319	6	0	0	0
3197	319	7	0	0	0
3198	319	8	0	0	0
3199	319	9	0	0	0
3200	320	0	0	0	0
3201	320	1	0	0	0
3202	320	2	0	0	0
3203	320	3	0	0	0
3204	320	4	0	0	0
3205	320	5	0	0	0
3206	320	6	0	0	0
3207	320	7	0	0	0
3208	320	8	0	0	0
3209	320	9	0	0	0
3210	321	0	0	0	0
3211	321	1	0	0	0
3212	321	2	0	0	0
3213	321	3	0	0	0
3214	321	4	0	0	0
3215	321	5	0	0	0
3216	321	6	0	0	0
3217	321	7	0	0	0
3218	321	8	0	0	0
3219	321	9	0	0	0
3220	322	0	0	0	0
3221	322	1	0	0	0
3222	322	2	0	0	0
3223	322	3	0	0	0
3224	322	4	0	0	0
3225	322	5	0	0	0
3226	322	6	0	0	0
3227	322	7	0	0	0
3228	322	8	0	0	0
3229	322	9	0	0	0
3230	323	0	0	0	0
3231	323	1	0	0	0
3232	323	2	0	0	0
3233	323	3	0	0	0
3234	323	4	0	0	0
3235	323	5	0	0	0
3236	323	6	0	0	0
3237	323	7	0	0	0
3238	323	8	0	0	0
3239	323	9	0	0	0
3240	324	0	0	0	0
3241	324	1	0	0	0
3242	324	2	0	0	0
3243	324	3	0	0	0
3244	324	4	0	0	0
3245	324	5	0	0	0
3246	324	6	0	0	0
3247	324	7	0	0	0
3248	324	8	0	0	0
3249	324	9	0	0	0
3250	325	0	0	0	0
3251	325	1	0	0	0
3252	325	2	0	0	0
3253	325	3	0	0	0
3254	325	4	0	0	0
3255	325	5	0	0	0
3256	325	6	0	0	0
3257	325	7	0	0	0
3258	325	8	0	0	0
3259	325	9	0	0	0
3260	326	0	0	0	0
3261	326	1	0	0	0
3262	326	2	0	0	0
3263	326	3	0	0	0
3264	326	4	0	0	0
3265	326	5	0	0	0
3266	326	6	0	0	0
3267	326	7	0	0	0
3268	326	8	0	0	0
3269	326	9	0	0	0
3270	327	0	0	0	0
3271	327	1	0	0	0
3272	327	2	0	0	0
3273	327	3	0	0	0
3274	327	4	0	0	0
3275	327	5	0	0	0
3276	327	6	0	0	0
3277	327	7	0	0	0
3278	327	8	0	0	0
3279	327	9	0	0	0
3280	328	0	0	0	0
3281	328	1	0	0	0
3282	328	2	0	0	0
3283	328	3	0	0	0
3284	328	4	0	0	0
3285	328	5	0	0	0
3286	328	6	0	0	0
3287	328	7	0	0	0
3288	328	8	0	0	0
3289	328	9	0	0	0
3290	329	0	0	0	0
3291	329	1	0	0	0
3292	329	2	0	0	0
3293	329	3	0	0	0
3294	329	4	0	0	0
3295	329	5	0	0	0
3296	329	6	0	0	0
3297	329	7	0	0	0
3298	329	8	0	0	0
3299	329	9	0	0	0
3300	330	0	0	0	0
3301	330	1	0	0	0
3302	330	2	0	0	0
3303	330	3	0	0	0
3304	330	4	0	0	0
3305	330	5	0	0	0
3306	330	6	0	0	0
3307	330	7	0	0	0
3308	330	8	0	0	0
3309	330	9	0	0	0
3310	331	0	0	0	0
3311	331	1	0	0	0
3312	331	2	0	0	0
3313	331	3	0	0	0
3314	331	4	0	0	0
3315	331	5	0	0	0
3316	331	6	0	0	0
3317	331	7	0	0	0
3318	331	8	0	0	0
3319	331	9	0	0	0
3320	332	0	0	0	0
3321	332	1	0	0	0
3322	332	2	0	0	0
3323	332	3	0	0	0
3324	332	4	0	0	0
3325	332	5	0	0	0
3326	332	6	0	0	0
3327	332	7	0	0	0
3328	332	8	0	0	0
3329	332	9	0	0	0
3330	333	0	0	0	0
3331	333	1	0	0	0
3332	333	2	0	0	0
3333	333	3	0	0	0
3334	333	4	0	0	0
3335	333	5	0	0	0
3336	333	6	0	0	0
3337	333	7	0	0	0
3338	333	8	0	0	0
3339	333	9	0	0	0
3340	334	0	0	0	0
3341	334	1	0	0	0
3342	334	2	0	0	0
3343	334	3	0	0	0
3344	334	4	0	0	0
3345	334	5	0	0	0
3346	334	6	0	0	0
3347	334	7	0	0	0
3348	334	8	0	0	0
3349	334	9	0	0	0
3350	335	0	0	0	0
3351	335	1	0	0	0
3352	335	2	0	0	0
3353	335	3	0	0	0
3354	335	4	0	0	0
3355	335	5	0	0	0
3356	335	6	0	0	0
3357	335	7	0	0	0
3358	335	8	0	0	0
3359	335	9	0	0	0
3360	336	0	0	0	0
3361	336	1	0	0	0
3362	336	2	0	0	0
3363	336	3	0	0	0
3364	336	4	0	0	0
3365	336	5	0	0	0
3366	336	6	0	0	0
3367	336	7	0	0	0
3368	336	8	0	0	0
3369	336	9	0	0	0
3370	337	0	0	0	0
3371	337	1	0	0	0
3372	337	2	0	0	0
3373	337	3	0	0	0
3374	337	4	0	0	0
3375	337	5	0	0	0
3376	337	6	0	0	0
3377	337	7	0	0	0
3378	337	8	0	0	0
3379	337	9	0	0	0
3380	338	0	0	0	0
3381	338	1	0	0	0
3382	338	2	0	0	0
3383	338	3	0	0	0
3384	338	4	0	0	0
3385	338	5	0	0	0
3386	338	6	0	0	0
3387	338	7	0	0	0
3388	338	8	0	0	0
3389	338	9	0	0	0
3390	339	0	0	0	0
3391	339	1	0	0	0
3392	339	2	0	0	0
3393	339	3	0	0	0
3394	339	4	0	0	0
3395	339	5	0	0	0
3396	339	6	0	0	0
3397	339	7	0	0	0
3398	339	8	0	0	0
3399	339	9	0	0	0
3400	340	0	0	0	0
3401	340	1	0	0	0
3402	340	2	0	0	0
3403	340	3	0	0	0
3404	340	4	0	0	0
3405	340	5	0	0	0
3406	340	6	0	0	0
3407	340	7	0	0	0
3408	340	8	0	0	0
3409	340	9	0	0	0
3410	341	0	0	0	0
3411	341	1	0	0	0
3412	341	2	0	0	0
3413	341	3	0	0	0
3414	341	4	0	0	0
3415	341	5	0	0	0
3416	341	6	0	0	0
3417	341	7	0	0	0
3418	341	8	0	0	0
3419	341	9	0	0	0
3420	342	0	0	0	0
3421	342	1	0	0	0
3422	342	2	0	0	0
3423	342	3	0	0	0
3424	342	4	0	0	0
3425	342	5	0	0	0
3426	342	6	0	0	0
3427	342	7	0	0	0
3428	342	8	0	0	0
3429	342	9	0	0	0
3430	343	0	0	0	0
3431	343	1	0	0	0
3432	343	2	0	0	0
3433	343	3	0	0	0
3434	343	4	0	0	0
3435	343	5	0	0	0
3436	343	6	0	0	0
3437	343	7	0	0	0
3438	343	8	0	0	0
3439	343	9	0	0	0
3440	344	0	0	0	0
3441	344	1	0	0	0
3442	344	2	0	0	0
3443	344	3	0	0	0
3444	344	4	0	0	0
3445	344	5	0	0	0
3446	344	6	0	0	0
3447	344	7	0	0	0
3448	344	8	0	0	0
3449	344	9	0	0	0
3450	345	0	0	0	0
3451	345	1	0	0	0
3452	345	2	0	0	0
3453	345	3	0	0	0
3454	345	4	0	0	0
3455	345	5	0	0	0
3456	345	6	0	0	0
3457	345	7	0	0	0
3458	345	8	0	0	0
3459	345	9	0	0	0
3460	346	0	0	0	0
3461	346	1	0	0	0
3462	346	2	0	0	0
3463	346	3	0	0	0
3464	346	4	0	0	0
3465	346	5	0	0	0
3466	346	6	0	0	0
3467	346	7	0	0	0
3468	346	8	0	0	0
3469	346	9	0	0	0
3470	347	0	0	0	0
3471	347	1	0	0	0
3472	347	2	0	0	0
3473	347	3	0	0	0
3474	347	4	0	0	0
3475	347	5	0	0	0
3476	347	6	0	0	0
3477	347	7	0	0	0
3478	347	8	0	0	0
3479	347	9	0	0	0
3480	348	0	0	0	0
3481	348	1	0	0	0
3482	348	2	0	0	0
3483	348	3	0	0	0
3484	348	4	0	0	0
3485	348	5	0	0	0
3486	348	6	0	0	0
3487	348	7	0	0	0
3488	348	8	0	0	0
3489	348	9	0	0	0
3490	349	0	0	0	0
3491	349	1	0	0	0
3492	349	2	0	0	0
3493	349	3	0	0	0
3494	349	4	0	0	0
3495	349	5	0	0	0
3496	349	6	0	0	0
3497	349	7	0	0	0
3498	349	8	0	0	0
3499	349	9	0	0	0
3500	350	0	0	0	0
3501	350	1	0	0	0
3502	350	2	0	0	0
3503	350	3	0	0	0
3504	350	4	0	0	0
3505	350	5	0	0	0
3506	350	6	0	0	0
3507	350	7	0	0	0
3508	350	8	0	0	0
3509	350	9	0	0	0
3510	351	0	0	0	0
3511	351	1	0	0	0
3512	351	2	0	0	0
3513	351	3	0	0	0
3514	351	4	0	0	0
3515	351	5	0	0	0
3516	351	6	0	0	0
3517	351	7	0	0	0
3518	351	8	0	0	0
3519	351	9	0	0	0
3520	352	0	0	0	0
3521	352	1	0	0	0
3522	352	2	0	0	0
3523	352	3	0	0	0
3524	352	4	0	0	0
3525	352	5	0	0	0
3526	352	6	0	0	0
3527	352	7	0	0	0
3528	352	8	0	0	0
3529	352	9	0	0	0
3530	353	0	0	0	0
3531	353	1	0	0	0
3532	353	2	0	0	0
3533	353	3	0	0	0
3534	353	4	0	0	0
3535	353	5	0	0	0
3536	353	6	0	0	0
3537	353	7	0	0	0
3538	353	8	0	0	0
3539	353	9	0	0	0
3540	354	0	0	0	0
3541	354	1	0	0	0
3542	354	2	0	0	0
3543	354	3	0	0	0
3544	354	4	0	0	0
3545	354	5	0	0	0
3546	354	6	0	0	0
3547	354	7	0	0	0
3548	354	8	0	0	0
3549	354	9	0	0	0
3550	355	0	0	0	0
3551	355	1	0	0	0
3552	355	2	0	0	0
3553	355	3	0	0	0
3554	355	4	0	0	0
3555	355	5	0	0	0
3556	355	6	0	0	0
3557	355	7	0	0	0
3558	355	8	0	0	0
3559	355	9	0	0	0
3560	356	0	0	0	0
3561	356	1	0	0	0
3562	356	2	0	0	0
3563	356	3	0	0	0
3564	356	4	0	0	0
3565	356	5	0	0	0
3566	356	6	0	0	0
3567	356	7	0	0	0
3568	356	8	0	0	0
3569	356	9	0	0	0
3570	357	0	0	0	0
3571	357	1	0	0	0
3572	357	2	0	0	0
3573	357	3	0	0	0
3574	357	4	0	0	0
3575	357	5	0	0	0
3576	357	6	0	0	0
3577	357	7	0	0	0
3578	357	8	0	0	0
3579	357	9	0	0	0
3580	358	0	0	0	0
3581	358	1	0	0	0
3582	358	2	0	0	0
3583	358	3	0	0	0
3584	358	4	0	0	0
3585	358	5	0	0	0
3586	358	6	0	0	0
3587	358	7	0	0	0
3588	358	8	0	0	0
3589	358	9	0	0	0
3590	359	0	0	0	0
3591	359	1	0	0	0
3592	359	2	0	0	0
3593	359	3	0	0	0
3594	359	4	0	0	0
3595	359	5	0	0	0
3596	359	6	0	0	0
3597	359	7	0	0	0
3598	359	8	0	0	0
3599	359	9	0	0	0
3600	360	0	0	0	0
3601	360	1	0	0	0
3602	360	2	0	0	0
3603	360	3	0	0	0
3604	360	4	0	0	0
3605	360	5	0	0	0
3606	360	6	0	0	0
3607	360	7	0	0	0
3608	360	8	0	0	0
3609	360	9	0	0	0
3610	361	0	0	0	0
3611	361	1	0	0	0
3612	361	2	0	0	0
3613	361	3	0	0	0
3614	361	4	0	0	0
3615	361	5	0	0	0
3616	361	6	0	0	0
3617	361	7	0	0	0
3618	361	8	0	0	0
3619	361	9	0	0	0
3620	362	0	0	0	0
3621	362	1	0	0	0
3622	362	2	0	0	0
3623	362	3	0	0	0
3624	362	4	0	0	0
3625	362	5	0	0	0
3626	362	6	0	0	0
3627	362	7	0	0	0
3628	362	8	0	0	0
3629	362	9	0	0	0
3630	363	0	0	0	0
3631	363	1	0	0	0
3632	363	2	0	0	0
3633	363	3	0	0	0
3634	363	4	0	0	0
3635	363	5	0	0	0
3636	363	6	0	0	0
3637	363	7	0	0	0
3638	363	8	0	0	0
3639	363	9	0	0	0
3640	364	0	0	0	0
3641	364	1	0	0	0
3642	364	2	0	0	0
3643	364	3	0	0	0
3644	364	4	0	0	0
3645	364	5	0	0	0
3646	364	6	0	0	0
3647	364	7	0	0	0
3648	364	8	0	0	0
3649	364	9	0	0	0
3650	365	0	0	0	0
3651	365	1	0	0	0
3652	365	2	0	0	0
3653	365	3	0	0	0
3654	365	4	0	0	0
3655	365	5	0	0	0
3656	365	6	0	0	0
3657	365	7	0	0	0
3658	365	8	0	0	0
3659	365	9	0	0	0
3660	366	0	0	0	0
3661	366	1	0	0	0
3662	366	2	0	0	0
3663	366	3	0	0	0
3664	366	4	0	0	0
3665	366	5	0	0	0
3666	366	6	0	0	0
3667	366	7	0	0	0
3668	366	8	0	0	0
3669	366	9	0	0	0
3670	367	0	0	0	0
3671	367	1	0	0	0
3672	367	2	0	0	0
3673	367	3	0	0	0
3674	367	4	0	0	0
3675	367	5	0	0	0
3676	367	6	0	0	0
3677	367	7	0	0	0
3678	367	8	0	0	0
3679	367	9	0	0	0
3680	368	0	0	0	0
3681	368	1	0	0	0
3682	368	2	0	0	0
3683	368	3	0	0	0
3684	368	4	0	0	0
3685	368	5	0	0	0
3686	368	6	0	0	0
3687	368	7	0	0	0
3688	368	8	0	0	0
3689	368	9	0	0	0
3690	369	0	0	0	0
3691	369	1	0	0	0
3692	369	2	0	0	0
3693	369	3	0	0	0
3694	369	4	0	0	0
3695	369	5	0	0	0
3696	369	6	0	0	0
3697	369	7	0	0	0
3698	369	8	0	0	0
3699	369	9	0	0	0
3700	370	0	0	0	0
3701	370	1	0	0	0
3702	370	2	0	0	0
3703	370	3	0	0	0
3704	370	4	0	0	0
3705	370	5	0	0	0
3706	370	6	0	0	0
3707	370	7	0	0	0
3708	370	8	0	0	0
3709	370	9	0	0	0
3710	371	0	0	0	0
3711	371	1	0	0	0
3712	371	2	0	0	0
3713	371	3	0	0	0
3714	371	4	0	0	0
3715	371	5	0	0	0
3716	371	6	0	0	0
3717	371	7	0	0	0
3718	371	8	0	0	0
3719	371	9	0	0	0
3720	372	0	0	0	0
3721	372	1	0	0	0
3722	372	2	0	0	0
3723	372	3	0	0	0
3724	372	4	0	0	0
3725	372	5	0	0	0
3726	372	6	0	0	0
3727	372	7	0	0	0
3728	372	8	0	0	0
3729	372	9	0	0	0
3730	373	0	0	0	0
3731	373	1	0	0	0
3732	373	2	0	0	0
3733	373	3	0	0	0
3734	373	4	0	0	0
3735	373	5	0	0	0
3736	373	6	0	0	0
3737	373	7	0	0	0
3738	373	8	0	0	0
3739	373	9	0	0	0
3740	374	0	0	0	0
3741	374	1	0	0	0
3742	374	2	0	0	0
3743	374	3	0	0	0
3744	374	4	0	0	0
3745	374	5	0	0	0
3746	374	6	0	0	0
3747	374	7	0	0	0
3748	374	8	0	0	0
3749	374	9	0	0	0
3750	375	0	0	0	0
3751	375	1	0	0	0
3752	375	2	0	0	0
3753	375	3	0	0	0
3754	375	4	0	0	0
3755	375	5	0	0	0
3756	375	6	0	0	0
3757	375	7	0	0	0
3758	375	8	0	0	0
3759	375	9	0	0	0
3760	376	0	0	0	0
3761	376	1	0	0	0
3762	376	2	0	0	0
3763	376	3	0	0	0
3764	376	4	0	0	0
3765	376	5	0	0	0
3766	376	6	0	0	0
3767	376	7	0	0	0
3768	376	8	0	0	0
3769	376	9	0	0	0
3770	377	0	0	0	0
3771	377	1	0	0	0
3772	377	2	0	0	0
3773	377	3	0	0	0
3774	377	4	0	0	0
3775	377	5	0	0	0
3776	377	6	0	0	0
3777	377	7	0	0	0
3778	377	8	0	0	0
3779	377	9	0	0	0
3780	378	0	0	0	0
3781	378	1	0	0	0
3782	378	2	0	0	0
3783	378	3	0	0	0
3784	378	4	0	0	0
3785	378	5	0	0	0
3786	378	6	0	0	0
3787	378	7	0	0	0
3788	378	8	0	0	0
3789	378	9	0	0	0
3790	379	0	0	0	0
3791	379	1	0	0	0
3792	379	2	0	0	0
3793	379	3	0	0	0
3794	379	4	0	0	0
3795	379	5	0	0	0
3796	379	6	0	0	0
3797	379	7	0	0	0
3798	379	8	0	0	0
3799	379	9	0	0	0
3800	380	0	0	0	0
3801	380	1	0	0	0
3802	380	2	0	0	0
3803	380	3	0	0	0
3804	380	4	0	0	0
3805	380	5	0	0	0
3806	380	6	0	0	0
3807	380	7	0	0	0
3808	380	8	0	0	0
3809	380	9	0	0	0
3810	381	0	0	0	0
3811	381	1	0	0	0
3812	381	2	0	0	0
3813	381	3	0	0	0
3814	381	4	0	0	0
3815	381	5	0	0	0
3816	381	6	0	0	0
3817	381	7	0	0	0
3818	381	8	0	0	0
3819	381	9	0	0	0
3820	382	0	0	0	0
3821	382	1	0	0	0
3822	382	2	0	0	0
3823	382	3	0	0	0
3824	382	4	0	0	0
3825	382	5	0	0	0
3826	382	6	0	0	0
3827	382	7	0	0	0
3828	382	8	0	0	0
3829	382	9	0	0	0
3830	383	0	0	0	0
3831	383	1	0	0	0
3832	383	2	0	0	0
3833	383	3	0	0	0
3834	383	4	0	0	0
3835	383	5	0	0	0
3836	383	6	0	0	0
3837	383	7	0	0	0
3838	383	8	0	0	0
3839	383	9	0	0	0
3840	384	0	0	0	0
3841	384	1	0	0	0
3842	384	2	0	0	0
3843	384	3	0	0	0
3844	384	4	0	0	0
3845	384	5	0	0	0
3846	384	6	0	0	0
3847	384	7	0	0	0
3848	384	8	0	0	0
3849	384	9	0	0	0
3850	385	0	0	0	0
3851	385	1	0	0	0
3852	385	2	0	0	0
3853	385	3	0	0	0
3854	385	4	0	0	0
3855	385	5	0	0	0
3856	385	6	0	0	0
3857	385	7	0	0	0
3858	385	8	0	0	0
3859	385	9	0	0	0
3860	386	0	0	0	0
3861	386	1	0	0	0
3862	386	2	0	0	0
3863	386	3	0	0	0
3864	386	4	0	0	0
3865	386	5	0	0	0
3866	386	6	0	0	0
3867	386	7	0	0	0
3868	386	8	0	0	0
3869	386	9	0	0	0
3870	387	0	0	0	0
3871	387	1	0	0	0
3872	387	2	0	0	0
3873	387	3	0	0	0
3874	387	4	0	0	0
3875	387	5	0	0	0
3876	387	6	0	0	0
3877	387	7	0	0	0
3878	387	8	0	0	0
3879	387	9	0	0	0
3880	388	0	0	0	0
3881	388	1	0	0	0
3882	388	2	0	0	0
3883	388	3	0	0	0
3884	388	4	0	0	0
3885	388	5	0	0	0
3886	388	6	0	0	0
3887	388	7	0	0	0
3888	388	8	0	0	0
3889	388	9	0	0	0
3890	389	0	0	0	0
3891	389	1	0	0	0
3892	389	2	0	0	0
3893	389	3	0	0	0
3894	389	4	0	0	0
3895	389	5	0	0	0
3896	389	6	0	0	0
3897	389	7	0	0	0
3898	389	8	0	0	0
3899	389	9	0	0	0
3900	390	0	0	0	0
3901	390	1	0	0	0
3902	390	2	0	0	0
3903	390	3	0	0	0
3904	390	4	0	0	0
3905	390	5	0	0	0
3906	390	6	0	0	0
3907	390	7	0	0	0
3908	390	8	0	0	0
3909	390	9	0	0	0
3910	391	0	0	0	0
3911	391	1	0	0	0
3912	391	2	0	0	0
3913	391	3	0	0	0
3914	391	4	0	0	0
3915	391	5	0	0	0
3916	391	6	0	0	0
3917	391	7	0	0	0
3918	391	8	0	0	0
3919	391	9	0	0	0
3920	392	0	0	0	0
3921	392	1	0	0	0
3922	392	2	0	0	0
3923	392	3	0	0	0
3924	392	4	0	0	0
3925	392	5	0	0	0
3926	392	6	0	0	0
3927	392	7	0	0	0
3928	392	8	0	0	0
3929	392	9	0	0	0
3930	393	0	0	0	0
3931	393	1	0	0	0
3932	393	2	0	0	0
3933	393	3	0	0	0
3934	393	4	0	0	0
3935	393	5	0	0	0
3936	393	6	0	0	0
3937	393	7	0	0	0
3938	393	8	0	0	0
3939	393	9	0	0	0
3940	394	0	0	0	0
3941	394	1	0	0	0
3942	394	2	0	0	0
3943	394	3	0	0	0
3944	394	4	0	0	0
3945	394	5	0	0	0
3946	394	6	0	0	0
3947	394	7	0	0	0
3948	394	8	0	0	0
3949	394	9	0	0	0
3950	395	0	0	0	0
3951	395	1	0	0	0
3952	395	2	0	0	0
3953	395	3	0	0	0
3954	395	4	0	0	0
3955	395	5	0	0	0
3956	395	6	0	0	0
3957	395	7	0	0	0
3958	395	8	0	0	0
3959	395	9	0	0	0
3960	396	0	0	0	0
3961	396	1	0	0	0
3962	396	2	0	0	0
3963	396	3	0	0	0
3964	396	4	0	0	0
3965	396	5	0	0	0
3966	396	6	0	0	0
3967	396	7	0	0	0
3968	396	8	0	0	0
3969	396	9	0	0	0
3970	397	0	0	0	0
3971	397	1	0	0	0
3972	397	2	0	0	0
3973	397	3	0	0	0
3974	397	4	0	0	0
3975	397	5	0	0	0
3976	397	6	0	0	0
3977	397	7	0	0	0
3978	397	8	0	0	0
3979	397	9	0	0	0
3980	398	0	0	0	0
3981	398	1	0	0	0
3982	398	2	0	0	0
3983	398	3	0	0	0
3984	398	4	0	0	0
3985	398	5	0	0	0
3986	398	6	0	0	0
3987	398	7	0	0	0
3988	398	8	0	0	0
3989	398	9	0	0	0
3990	399	0	0	0	0
3991	399	1	0	0	0
3992	399	2	0	0	0
3993	399	3	0	0	0
3994	399	4	0	0	0
3995	399	5	0	0	0
3996	399	6	0	0	0
3997	399	7	0	0	0
3998	399	8	0	0	0
3999	399	9	0	0	0
4000	400	0	0	0	0
4001	400	1	0	0	0
4002	400	2	0	0	0
4003	400	3	0	0	0
4004	400	4	0	0	0
4005	400	5	0	0	0
4006	400	6	0	0	0
4007	400	7	0	0	0
4008	400	8	0	0	0
4009	400	9	0	0	0
4010	401	0	0	0	0
4011	401	1	0	0	0
4012	401	2	0	0	0
4013	401	3	0	0	0
4014	401	4	0	0	0
4015	401	5	0	0	0
4016	401	6	0	0	0
4017	401	7	0	0	0
4018	401	8	0	0	0
4019	401	9	0	0	0
4020	402	0	0	0	0
4021	402	1	0	0	0
4022	402	2	0	0	0
4023	402	3	0	0	0
4024	402	4	0	0	0
4025	402	5	0	0	0
4026	402	6	0	0	0
4027	402	7	0	0	0
4028	402	8	0	0	0
4029	402	9	0	0	0
4030	403	0	0	0	0
4031	403	1	0	0	0
4032	403	2	0	0	0
4033	403	3	0	0	0
4034	403	4	0	0	0
4035	403	5	0	0	0
4036	403	6	0	0	0
4037	403	7	0	0	0
4038	403	8	0	0	0
4039	403	9	0	0	0
4040	404	0	0	0	0
4041	404	1	0	0	0
4042	404	2	0	0	0
4043	404	3	0	0	0
4044	404	4	0	0	0
4045	404	5	0	0	0
4046	404	6	0	0	0
4047	404	7	0	0	0
4048	404	8	0	0	0
4049	404	9	0	0	0
4050	405	0	0	0	0
4051	405	1	0	0	0
4052	405	2	0	0	0
4053	405	3	0	0	0
4054	405	4	0	0	0
4055	405	5	0	0	0
4056	405	6	0	0	0
4057	405	7	0	0	0
4058	405	8	0	0	0
4059	405	9	0	0	0
4060	406	0	0	0	0
4061	406	1	0	0	0
4062	406	2	0	0	0
4063	406	3	0	0	0
4064	406	4	0	0	0
4065	406	5	0	0	0
4066	406	6	0	0	0
4067	406	7	0	0	0
4068	406	8	0	0	0
4069	406	9	0	0	0
4070	407	0	0	0	0
4071	407	1	0	0	0
4072	407	2	0	0	0
4073	407	3	0	0	0
4074	407	4	0	0	0
4075	407	5	0	0	0
4076	407	6	0	0	0
4077	407	7	0	0	0
4078	407	8	0	0	0
4079	407	9	0	0	0
4080	408	0	0	0	0
4081	408	1	0	0	0
4082	408	2	0	0	0
4083	408	3	0	0	0
4084	408	4	0	0	0
4085	408	5	0	0	0
4086	408	6	0	0	0
4087	408	7	0	0	0
4088	408	8	0	0	0
4089	408	9	0	0	0
4090	409	0	0	0	0
4091	409	1	0	0	0
4092	409	2	0	0	0
4093	409	3	0	0	0
4094	409	4	0	0	0
4095	409	5	0	0	0
4096	409	6	0	0	0
4097	409	7	0	0	0
4098	409	8	0	0	0
4099	409	9	0	0	0
4100	410	0	0	0	0
4101	410	1	0	0	0
4102	410	2	0	0	0
4103	410	3	0	0	0
4104	410	4	0	0	0
4105	410	5	0	0	0
4106	410	6	0	0	0
4107	410	7	0	0	0
4108	410	8	0	0	0
4109	410	9	0	0	0
4110	411	0	0	0	0
4111	411	1	0	0	0
4112	411	2	0	0	0
4113	411	3	0	0	0
4114	411	4	0	0	0
4115	411	5	0	0	0
4116	411	6	0	0	0
4117	411	7	0	0	0
4118	411	8	0	0	0
4119	411	9	0	0	0
4120	412	0	0	0	0
4121	412	1	0	0	0
4122	412	2	0	0	0
4123	412	3	0	0	0
4124	412	4	0	0	0
4125	412	5	0	0	0
4126	412	6	0	0	0
4127	412	7	0	0	0
4128	412	8	0	0	0
4129	412	9	0	0	0
4130	413	0	0	0	0
4131	413	1	0	0	0
4132	413	2	0	0	0
4133	413	3	0	0	0
4134	413	4	0	0	0
4135	413	5	0	0	0
4136	413	6	0	0	0
4137	413	7	0	0	0
4138	413	8	0	0	0
4139	413	9	0	0	0
4140	414	0	0	0	0
4141	414	1	0	0	0
4142	414	2	0	0	0
4143	414	3	0	0	0
4144	414	4	0	0	0
4145	414	5	0	0	0
4146	414	6	0	0	0
4147	414	7	0	0	0
4148	414	8	0	0	0
4149	414	9	0	0	0
4150	415	0	0	0	0
4151	415	1	0	0	0
4152	415	2	0	0	0
4153	415	3	0	0	0
4154	415	4	0	0	0
4155	415	5	0	0	0
4156	415	6	0	0	0
4157	415	7	0	0	0
4158	415	8	0	0	0
4159	415	9	0	0	0
4160	416	0	0	0	0
4161	416	1	0	0	0
4162	416	2	0	0	0
4163	416	3	0	0	0
4164	416	4	0	0	0
4165	416	5	0	0	0
4166	416	6	0	0	0
4167	416	7	0	0	0
4168	416	8	0	0	0
4169	416	9	0	0	0
4170	417	0	0	0	0
4171	417	1	0	0	0
4172	417	2	0	0	0
4173	417	3	0	0	0
4174	417	4	0	0	0
4175	417	5	0	0	0
4176	417	6	0	0	0
4177	417	7	0	0	0
4178	417	8	0	0	0
4179	417	9	0	0	0
4180	418	0	0	0	0
4181	418	1	0	0	0
4182	418	2	0	0	0
4183	418	3	0	0	0
4184	418	4	0	0	0
4185	418	5	0	0	0
4186	418	6	0	0	0
4187	418	7	0	0	0
4188	418	8	0	0	0
4189	418	9	0	0	0
4190	419	0	0	0	0
4191	419	1	0	0	0
4192	419	2	0	0	0
4193	419	3	0	0	0
4194	419	4	0	0	0
4195	419	5	0	0	0
4196	419	6	0	0	0
4197	419	7	0	0	0
4198	419	8	0	0	0
4199	419	9	0	0	0
4200	420	0	0	0	0
4201	420	1	0	0	0
4202	420	2	0	0	0
4203	420	3	0	0	0
4204	420	4	0	0	0
4205	420	5	0	0	0
4206	420	6	0	0	0
4207	420	7	0	0	0
4208	420	8	0	0	0
4209	420	9	0	0	0
4210	421	0	0	0	0
4211	421	1	0	0	0
4212	421	2	0	0	0
4213	421	3	0	0	0
4214	421	4	0	0	0
4215	421	5	0	0	0
4216	421	6	0	0	0
4217	421	7	0	0	0
4218	421	8	0	0	0
4219	421	9	0	0	0
4220	422	0	0	0	0
4221	422	1	0	0	0
4222	422	2	0	0	0
4223	422	3	0	0	0
4224	422	4	0	0	0
4225	422	5	0	0	0
4226	422	6	0	0	0
4227	422	7	0	0	0
4228	422	8	0	0	0
4229	422	9	0	0	0
4230	423	0	0	0	0
4231	423	1	0	0	0
4232	423	2	0	0	0
4233	423	3	0	0	0
4234	423	4	0	0	0
4235	423	5	0	0	0
4236	423	6	0	0	0
4237	423	7	0	0	0
4238	423	8	0	0	0
4239	423	9	0	0	0
4240	424	0	0	0	0
4241	424	1	0	0	0
4242	424	2	0	0	0
4243	424	3	0	0	0
4244	424	4	0	0	0
4245	424	5	0	0	0
4246	424	6	0	0	0
4247	424	7	0	0	0
4248	424	8	0	0	0
4249	424	9	0	0	0
4250	425	0	0	0	0
4251	425	1	0	0	0
4252	425	2	0	0	0
4253	425	3	0	0	0
4254	425	4	0	0	0
4255	425	5	0	0	0
4256	425	6	0	0	0
4257	425	7	0	0	0
4258	425	8	0	0	0
4259	425	9	0	0	0
4260	426	0	0	0	0
4261	426	1	0	0	0
4262	426	2	0	0	0
4263	426	3	0	0	0
4264	426	4	0	0	0
4265	426	5	0	0	0
4266	426	6	0	0	0
4267	426	7	0	0	0
4268	426	8	0	0	0
4269	426	9	0	0	0
4270	427	0	0	0	0
4271	427	1	0	0	0
4272	427	2	0	0	0
4273	427	3	0	0	0
4274	427	4	0	0	0
4275	427	5	0	0	0
4276	427	6	0	0	0
4277	427	7	0	0	0
4278	427	8	0	0	0
4279	427	9	0	0	0
4280	428	0	0	0	0
4281	428	1	0	0	0
4282	428	2	0	0	0
4283	428	3	0	0	0
4284	428	4	0	0	0
4285	428	5	0	0	0
4286	428	6	0	0	0
4287	428	7	0	0	0
4288	428	8	0	0	0
4289	428	9	0	0	0
4290	429	0	0	0	0
4291	429	1	0	0	0
4292	429	2	0	0	0
4293	429	3	0	0	0
4294	429	4	0	0	0
4295	429	5	0	0	0
4296	429	6	0	0	0
4297	429	7	0	0	0
4298	429	8	0	0	0
4299	429	9	0	0	0
4300	430	0	0	0	0
4301	430	1	0	0	0
4302	430	2	0	0	0
4303	430	3	0	0	0
4304	430	4	0	0	0
4305	430	5	0	0	0
4306	430	6	0	0	0
4307	430	7	0	0	0
4308	430	8	0	0	0
4309	430	9	0	0	0
4310	431	0	0	0	0
4311	431	1	0	0	0
4312	431	2	0	0	0
4313	431	3	0	0	0
4314	431	4	0	0	0
4315	431	5	0	0	0
4316	431	6	0	0	0
4317	431	7	0	0	0
4318	431	8	0	0	0
4319	431	9	0	0	0
4320	432	0	0	0	0
4321	432	1	0	0	0
4322	432	2	0	0	0
4323	432	3	0	0	0
4324	432	4	0	0	0
4325	432	5	0	0	0
4326	432	6	0	0	0
4327	432	7	0	0	0
4328	432	8	0	0	0
4329	432	9	0	0	0
4330	433	0	0	0	0
4331	433	1	0	0	0
4332	433	2	0	0	0
4333	433	3	0	0	0
4334	433	4	0	0	0
4335	433	5	0	0	0
4336	433	6	0	0	0
4337	433	7	0	0	0
4338	433	8	0	0	0
4339	433	9	0	0	0
4340	434	0	0	0	0
4341	434	1	0	0	0
4342	434	2	0	0	0
4343	434	3	0	0	0
4344	434	4	0	0	0
4345	434	5	0	0	0
4346	434	6	0	0	0
4347	434	7	0	0	0
4348	434	8	0	0	0
4349	434	9	0	0	0
4350	435	0	0	0	0
4351	435	1	0	0	0
4352	435	2	0	0	0
4353	435	3	0	0	0
4354	435	4	0	0	0
4355	435	5	0	0	0
4356	435	6	0	0	0
4357	435	7	0	0	0
4358	435	8	0	0	0
4359	435	9	0	0	0
4360	436	0	0	0	0
4361	436	1	0	0	0
4362	436	2	0	0	0
4363	436	3	0	0	0
4364	436	4	0	0	0
4365	436	5	0	0	0
4366	436	6	0	0	0
4367	436	7	0	0	0
4368	436	8	0	0	0
4369	436	9	0	0	0
4370	437	0	0	0	0
4371	437	1	0	0	0
4372	437	2	0	0	0
4373	437	3	0	0	0
4374	437	4	0	0	0
4375	437	5	0	0	0
4376	437	6	0	0	0
4377	437	7	0	0	0
4378	437	8	0	0	0
4379	437	9	0	0	0
4380	438	0	0	0	0
4381	438	1	0	0	0
4382	438	2	0	0	0
4383	438	3	0	0	0
4384	438	4	0	0	0
4385	438	5	0	0	0
4386	438	6	0	0	0
4387	438	7	0	0	0
4388	438	8	0	0	0
4389	438	9	0	0	0
4390	439	0	0	0	0
4391	439	1	0	0	0
4392	439	2	0	0	0
4393	439	3	0	0	0
4394	439	4	0	0	0
4395	439	5	0	0	0
4396	439	6	0	0	0
4397	439	7	0	0	0
4398	439	8	0	0	0
4399	439	9	0	0	0
4400	440	0	0	0	0
4401	440	1	0	0	0
4402	440	2	0	0	0
4403	440	3	0	0	0
4404	440	4	0	0	0
4405	440	5	0	0	0
4406	440	6	0	0	0
4407	440	7	0	0	0
4408	440	8	0	0	0
4409	440	9	0	0	0
4410	441	0	0	0	0
4411	441	1	0	0	0
4412	441	2	0	0	0
4413	441	3	0	0	0
4414	441	4	0	0	0
4415	441	5	0	0	0
4416	441	6	0	0	0
4417	441	7	0	0	0
4418	441	8	0	0	0
4419	441	9	0	0	0
4420	442	0	0	0	0
4421	442	1	0	0	0
4422	442	2	0	0	0
4423	442	3	0	0	0
4424	442	4	0	0	0
4425	442	5	0	0	0
4426	442	6	0	0	0
4427	442	7	0	0	0
4428	442	8	0	0	0
4429	442	9	0	0	0
4430	443	0	0	0	0
4431	443	1	0	0	0
4432	443	2	0	0	0
4433	443	3	0	0	0
4434	443	4	0	0	0
4435	443	5	0	0	0
4436	443	6	0	0	0
4437	443	7	0	0	0
4438	443	8	0	0	0
4439	443	9	0	0	0
4440	444	0	0	0	0
4441	444	1	0	0	0
4442	444	2	0	0	0
4443	444	3	0	0	0
4444	444	4	0	0	0
4445	444	5	0	0	0
4446	444	6	0	0	0
4447	444	7	0	0	0
4448	444	8	0	0	0
4449	444	9	0	0	0
4450	445	0	0	0	0
4451	445	1	0	0	0
4452	445	2	0	0	0
4453	445	3	0	0	0
4454	445	4	0	0	0
4455	445	5	0	0	0
4456	445	6	0	0	0
4457	445	7	0	0	0
4458	445	8	0	0	0
4459	445	9	0	0	0
4460	446	0	0	0	0
4461	446	1	0	0	0
4462	446	2	0	0	0
4463	446	3	0	0	0
4464	446	4	0	0	0
4465	446	5	0	0	0
4466	446	6	0	0	0
4467	446	7	0	0	0
4468	446	8	0	0	0
4469	446	9	0	0	0
4470	447	0	0	0	0
4471	447	1	0	0	0
4472	447	2	0	0	0
4473	447	3	0	0	0
4474	447	4	0	0	0
4475	447	5	0	0	0
4476	447	6	0	0	0
4477	447	7	0	0	0
4478	447	8	0	0	0
4479	447	9	0	0	0
4480	448	0	0	0	0
4481	448	1	0	0	0
4482	448	2	0	0	0
4483	448	3	0	0	0
4484	448	4	0	0	0
4485	448	5	0	0	0
4486	448	6	0	0	0
4487	448	7	0	0	0
4488	448	8	0	0	0
4489	448	9	0	0	0
4490	449	0	0	0	0
4491	449	1	0	0	0
4492	449	2	0	0	0
4493	449	3	0	0	0
4494	449	4	0	0	0
4495	449	5	0	0	0
4496	449	6	0	0	0
4497	449	7	0	0	0
4498	449	8	0	0	0
4499	449	9	0	0	0
4500	450	0	0	0	0
4501	450	1	0	0	0
4502	450	2	0	0	0
4503	450	3	0	0	0
4504	450	4	0	0	0
4505	450	5	0	0	0
4506	450	6	0	0	0
4507	450	7	0	0	0
4508	450	8	0	0	0
4509	450	9	0	0	0
4510	451	0	0	0	0
4511	451	1	0	0	0
4512	451	2	0	0	0
4513	451	3	0	0	0
4514	451	4	0	0	0
4515	451	5	0	0	0
4516	451	6	0	0	0
4517	451	7	0	0	0
4518	451	8	0	0	0
4519	451	9	0	0	0
4520	452	0	0	0	0
4521	452	1	0	0	0
4522	452	2	0	0	0
4523	452	3	0	0	0
4524	452	4	0	0	0
4525	452	5	0	0	0
4526	452	6	0	0	0
4527	452	7	0	0	0
4528	452	8	0	0	0
4529	452	9	0	0	0
4530	453	0	0	0	0
4531	453	1	0	0	0
4532	453	2	0	0	0
4533	453	3	0	0	0
4534	453	4	0	0	0
4535	453	5	0	0	0
4536	453	6	0	0	0
4537	453	7	0	0	0
4538	453	8	0	0	0
4539	453	9	0	0	0
4540	454	0	0	0	0
4541	454	1	0	0	0
4542	454	2	0	0	0
4543	454	3	0	0	0
4544	454	4	0	0	0
4545	454	5	0	0	0
4546	454	6	0	0	0
4547	454	7	0	0	0
4548	454	8	0	0	0
4549	454	9	0	0	0
4550	455	0	0	0	0
4551	455	1	0	0	0
4552	455	2	0	0	0
4553	455	3	0	0	0
4554	455	4	0	0	0
4555	455	5	0	0	0
4556	455	6	0	0	0
4557	455	7	0	0	0
4558	455	8	0	0	0
4559	455	9	0	0	0
4560	456	0	0	0	0
4561	456	1	0	0	0
4562	456	2	0	0	0
4563	456	3	0	0	0
4564	456	4	0	0	0
4565	456	5	0	0	0
4566	456	6	0	0	0
4567	456	7	0	0	0
4568	456	8	0	0	0
4569	456	9	0	0	0
4570	457	0	0	0	0
4571	457	1	0	0	0
4572	457	2	0	0	0
4573	457	3	0	0	0
4574	457	4	0	0	0
4575	457	5	0	0	0
4576	457	6	0	0	0
4577	457	7	0	0	0
4578	457	8	0	0	0
4579	457	9	0	0	0
4580	458	0	0	0	0
4581	458	1	0	0	0
4582	458	2	0	0	0
4583	458	3	0	0	0
4584	458	4	0	0	0
4585	458	5	0	0	0
4586	458	6	0	0	0
4587	458	7	0	0	0
4588	458	8	0	0	0
4589	458	9	0	0	0
4590	459	0	0	0	0
4591	459	1	0	0	0
4592	459	2	0	0	0
4593	459	3	0	0	0
4594	459	4	0	0	0
4595	459	5	0	0	0
4596	459	6	0	0	0
4597	459	7	0	0	0
4598	459	8	0	0	0
4599	459	9	0	0	0
4600	460	0	0	0	0
4601	460	1	0	0	0
4602	460	2	0	0	0
4603	460	3	0	0	0
4604	460	4	0	0	0
4605	460	5	0	0	0
4606	460	6	0	0	0
4607	460	7	0	0	0
4608	460	8	0	0	0
4609	460	9	0	0	0
4610	461	0	0	0	0
4611	461	1	0	0	0
4612	461	2	0	0	0
4613	461	3	0	0	0
4614	461	4	0	0	0
4615	461	5	0	0	0
4616	461	6	0	0	0
4617	461	7	0	0	0
4618	461	8	0	0	0
4619	461	9	0	0	0
4620	462	0	0	0	0
4621	462	1	0	0	0
4622	462	2	0	0	0
4623	462	3	0	0	0
4624	462	4	0	0	0
4625	462	5	0	0	0
4626	462	6	0	0	0
4627	462	7	0	0	0
4628	462	8	0	0	0
4629	462	9	0	0	0
4630	463	0	0	0	0
4631	463	1	0	0	0
4632	463	2	0	0	0
4633	463	3	0	0	0
4634	463	4	0	0	0
4635	463	5	0	0	0
4636	463	6	0	0	0
4637	463	7	0	0	0
4638	463	8	0	0	0
4639	463	9	0	0	0
4640	464	0	0	0	0
4641	464	1	0	0	0
4642	464	2	0	0	0
4643	464	3	0	0	0
4644	464	4	0	0	0
4645	464	5	0	0	0
4646	464	6	0	0	0
4647	464	7	0	0	0
4648	464	8	0	0	0
4649	464	9	0	0	0
4650	465	0	0	0	0
4651	465	1	0	0	0
4652	465	2	0	0	0
4653	465	3	0	0	0
4654	465	4	0	0	0
4655	465	5	0	0	0
4656	465	6	0	0	0
4657	465	7	0	0	0
4658	465	8	0	0	0
4659	465	9	0	0	0
4660	466	0	0	0	0
4661	466	1	0	0	0
4662	466	2	0	0	0
4663	466	3	0	0	0
4664	466	4	0	0	0
4665	466	5	0	0	0
4666	466	6	0	0	0
4667	466	7	0	0	0
4668	466	8	0	0	0
4669	466	9	0	0	0
4670	467	0	0	0	0
4671	467	1	0	0	0
4672	467	2	0	0	0
4673	467	3	0	0	0
4674	467	4	0	0	0
4675	467	5	0	0	0
4676	467	6	0	0	0
4677	467	7	0	0	0
4678	467	8	0	0	0
4679	467	9	0	0	0
4680	468	0	0	0	0
4681	468	1	0	0	0
4682	468	2	0	0	0
4683	468	3	0	0	0
4684	468	4	0	0	0
4685	468	5	0	0	0
4686	468	6	0	0	0
4687	468	7	0	0	0
4688	468	8	0	0	0
4689	468	9	0	0	0
4690	469	0	0	0	0
4691	469	1	0	0	0
4692	469	2	0	0	0
4693	469	3	0	0	0
4694	469	4	0	0	0
4695	469	5	0	0	0
4696	469	6	0	0	0
4697	469	7	0	0	0
4698	469	8	0	0	0
4699	469	9	0	0	0
4700	470	0	0	0	0
4701	470	1	0	0	0
4702	470	2	0	0	0
4703	470	3	0	0	0
4704	470	4	0	0	0
4705	470	5	0	0	0
4706	470	6	0	0	0
4707	470	7	0	0	0
4708	470	8	0	0	0
4709	470	9	0	0	0
4710	471	0	0	0	0
4711	471	1	0	0	0
4712	471	2	0	0	0
4713	471	3	0	0	0
4714	471	4	0	0	0
4715	471	5	0	0	0
4716	471	6	0	0	0
4717	471	7	0	0	0
4718	471	8	0	0	0
4719	471	9	0	0	0
4720	472	0	0	0	0
4721	472	1	0	0	0
4722	472	2	0	0	0
4723	472	3	0	0	0
4724	472	4	0	0	0
4725	472	5	0	0	0
4726	472	6	0	0	0
4727	472	7	0	0	0
4728	472	8	0	0	0
4729	472	9	0	0	0
4730	473	0	0	0	0
4731	473	1	0	0	0
4732	473	2	0	0	0
4733	473	3	0	0	0
4734	473	4	0	0	0
4735	473	5	0	0	0
4736	473	6	0	0	0
4737	473	7	0	0	0
4738	473	8	0	0	0
4739	473	9	0	0	0
4740	474	0	0	0	0
4741	474	1	0	0	0
4742	474	2	0	0	0
4743	474	3	0	0	0
4744	474	4	0	0	0
4745	474	5	0	0	0
4746	474	6	0	0	0
4747	474	7	0	0	0
4748	474	8	0	0	0
4749	474	9	0	0	0
4750	475	0	0	0	0
4751	475	1	0	0	0
4752	475	2	0	0	0
4753	475	3	0	0	0
4754	475	4	0	0	0
4755	475	5	0	0	0
4756	475	6	0	0	0
4757	475	7	0	0	0
4758	475	8	0	0	0
4759	475	9	0	0	0
4760	476	0	0	0	0
4761	476	1	0	0	0
4762	476	2	0	0	0
4763	476	3	0	0	0
4764	476	4	0	0	0
4765	476	5	0	0	0
4766	476	6	0	0	0
4767	476	7	0	0	0
4768	476	8	0	0	0
4769	476	9	0	0	0
4770	477	0	0	0	0
4771	477	1	0	0	0
4772	477	2	0	0	0
4773	477	3	0	0	0
4774	477	4	0	0	0
4775	477	5	0	0	0
4776	477	6	0	0	0
4777	477	7	0	0	0
4778	477	8	0	0	0
4779	477	9	0	0	0
4780	478	0	0	0	0
4781	478	1	0	0	0
4782	478	2	0	0	0
4783	478	3	0	0	0
4784	478	4	0	0	0
4785	478	5	0	0	0
4786	478	6	0	0	0
4787	478	7	0	0	0
4788	478	8	0	0	0
4789	478	9	0	0	0
4790	479	0	0	0	0
4791	479	1	0	0	0
4792	479	2	0	0	0
4793	479	3	0	0	0
4794	479	4	0	0	0
4795	479	5	0	0	0
4796	479	6	0	0	0
4797	479	7	0	0	0
4798	479	8	0	0	0
4799	479	9	0	0	0
4800	480	0	0	0	0
4801	480	1	0	0	0
4802	480	2	0	0	0
4803	480	3	0	0	0
4804	480	4	0	0	0
4805	480	5	0	0	0
4806	480	6	0	0	0
4807	480	7	0	0	0
4808	480	8	0	0	0
4809	480	9	0	0	0
4810	481	0	0	0	0
4811	481	1	0	0	0
4812	481	2	0	0	0
4813	481	3	0	0	0
4814	481	4	0	0	0
4815	481	5	0	0	0
4816	481	6	0	0	0
4817	481	7	0	0	0
4818	481	8	0	0	0
4819	481	9	0	0	0
4820	482	0	0	0	0
4821	482	1	0	0	0
4822	482	2	0	0	0
4823	482	3	0	0	0
4824	482	4	0	0	0
4825	482	5	0	0	0
4826	482	6	0	0	0
4827	482	7	0	0	0
4828	482	8	0	0	0
4829	482	9	0	0	0
4830	483	0	0	0	0
4831	483	1	0	0	0
4832	483	2	0	0	0
4833	483	3	0	0	0
4834	483	4	0	0	0
4835	483	5	0	0	0
4836	483	6	0	0	0
4837	483	7	0	0	0
4838	483	8	0	0	0
4839	483	9	0	0	0
4840	484	0	0	0	0
4841	484	1	0	0	0
4842	484	2	0	0	0
4843	484	3	0	0	0
4844	484	4	0	0	0
4845	484	5	0	0	0
4846	484	6	0	0	0
4847	484	7	0	0	0
4848	484	8	0	0	0
4849	484	9	0	0	0
4850	485	0	0	0	0
4851	485	1	0	0	0
4852	485	2	0	0	0
4853	485	3	0	0	0
4854	485	4	0	0	0
4855	485	5	0	0	0
4856	485	6	0	0	0
4857	485	7	0	0	0
4858	485	8	0	0	0
4859	485	9	0	0	0
4860	486	0	0	0	0
4861	486	1	0	0	0
4862	486	2	0	0	0
4863	486	3	0	0	0
4864	486	4	0	0	0
4865	486	5	0	0	0
4866	486	6	0	0	0
4867	486	7	0	0	0
4868	486	8	0	0	0
4869	486	9	0	0	0
4870	487	0	0	0	0
4871	487	1	0	0	0
4872	487	2	0	0	0
4873	487	3	0	0	0
4874	487	4	0	0	0
4875	487	5	0	0	0
4876	487	6	0	0	0
4877	487	7	0	0	0
4878	487	8	0	0	0
4879	487	9	0	0	0
4880	488	0	0	0	0
4881	488	1	0	0	0
4882	488	2	0	0	0
4883	488	3	0	0	0
4884	488	4	0	0	0
4885	488	5	0	0	0
4886	488	6	0	0	0
4887	488	7	0	0	0
4888	488	8	0	0	0
4889	488	9	0	0	0
4890	489	0	0	0	0
4891	489	1	0	0	0
4892	489	2	0	0	0
4893	489	3	0	0	0
4894	489	4	0	0	0
4895	489	5	0	0	0
4896	489	6	0	0	0
4897	489	7	0	0	0
4898	489	8	0	0	0
4899	489	9	0	0	0
4900	490	0	0	0	0
4901	490	1	0	0	0
4902	490	2	0	0	0
4903	490	3	0	0	0
4904	490	4	0	0	0
4905	490	5	0	0	0
4906	490	6	0	0	0
4907	490	7	0	0	0
4908	490	8	0	0	0
4909	490	9	0	0	0
4910	491	0	0	0	0
4911	491	1	0	0	0
4912	491	2	0	0	0
4913	491	3	0	0	0
4914	491	4	0	0	0
4915	491	5	0	0	0
4916	491	6	0	0	0
4917	491	7	0	0	0
4918	491	8	0	0	0
4919	491	9	0	0	0
4920	492	0	0	0	0
4921	492	1	0	0	0
4922	492	2	0	0	0
4923	492	3	0	0	0
4924	492	4	0	0	0
4925	492	5	0	0	0
4926	492	6	0	0	0
4927	492	7	0	0	0
4928	492	8	0	0	0
4929	492	9	0	0	0
4930	493	0	0	0	0
4931	493	1	0	0	0
4932	493	2	0	0	0
4933	493	3	0	0	0
4934	493	4	0	0	0
4935	493	5	0	0	0
4936	493	6	0	0	0
4937	493	7	0	0	0
4938	493	8	0	0	0
4939	493	9	0	0	0
4940	494	0	0	0	0
4941	494	1	0	0	0
4942	494	2	0	0	0
4943	494	3	0	0	0
4944	494	4	0	0	0
4945	494	5	0	0	0
4946	494	6	0	0	0
4947	494	7	0	0	0
4948	494	8	0	0	0
4949	494	9	0	0	0
4950	495	0	0	0	0
4951	495	1	0	0	0
4952	495	2	0	0	0
4953	495	3	0	0	0
4954	495	4	0	0	0
4955	495	5	0	0	0
4956	495	6	0	0	0
4957	495	7	0	0	0
4958	495	8	0	0	0
4959	495	9	0	0	0
4960	496	0	0	0	0
4961	496	1	0	0	0
4962	496	2	0	0	0
4963	496	3	0	0	0
4964	496	4	0	0	0
4965	496	5	0	0	0
4966	496	6	0	0	0
4967	496	7	0	0	0
4968	496	8	0	0	0
4969	496	9	0	0	0
4970	497	0	0	0	0
4971	497	1	0	0	0
4972	497	2	0	0	0
4973	497	3	0	0	0
4974	497	4	0	0	0
4975	497	5	0	0	0
4976	497	6	0	0	0
4977	497	7	0	0	0
4978	497	8	0	0	0
4979	497	9	0	0	0
4980	498	0	0	0	0
4981	498	1	0	0	0
4982	498	2	0	0	0
4983	498	3	0	0	0
4984	498	4	0	0	0
4985	498	5	0	0	0
4986	498	6	0	0	0
4987	498	7	0	0	0
4988	498	8	0	0	0
4989	498	9	0	0	0
4990	499	0	0	0	0
4991	499	1	0	0	0
4992	499	2	0	0	0
4993	499	3	0	0	0
4994	499	4	0	0	0
4995	499	5	0	0	0
4996	499	6	0	0	0
4997	499	7	0	0	0
4998	499	8	0	0	0
4999	499	9	0	0	0
5000	500	0	0	0	0
5001	500	1	0	0	0
5002	500	2	0	0	0
5003	500	3	0	0	0
5004	500	4	0	0	0
5005	500	5	0	0	0
5006	500	6	0	0	0
5007	500	7	0	0	0
5008	500	8	0	0	0
5009	500	9	0	0	0
5010	501	0	0	0	0
5011	501	1	0	0	0
5012	501	2	0	0	0
5013	501	3	0	0	0
5014	501	4	0	0	0
5015	501	5	0	0	0
5016	501	6	0	0	0
5017	501	7	0	0	0
5018	501	8	0	0	0
5019	501	9	0	0	0
5020	502	0	0	0	0
5021	502	1	0	0	0
5022	502	2	0	0	0
5023	502	3	0	0	0
5024	502	4	0	0	0
5025	502	5	0	0	0
5026	502	6	0	0	0
5027	502	7	0	0	0
5028	502	8	0	0	0
5029	502	9	0	0	0
5030	503	0	0	0	0
5031	503	1	0	0	0
5032	503	2	0	0	0
5033	503	3	0	0	0
5034	503	4	0	0	0
5035	503	5	0	0	0
5036	503	6	0	0	0
5037	503	7	0	0	0
5038	503	8	0	0	0
5039	503	9	0	0	0
5040	504	0	0	0	0
5041	504	1	0	0	0
5042	504	2	0	0	0
5043	504	3	0	0	0
5044	504	4	0	0	0
5045	504	5	0	0	0
5046	504	6	0	0	0
5047	504	7	0	0	0
5048	504	8	0	0	0
5049	504	9	0	0	0
5050	505	0	0	0	0
5051	505	1	0	0	0
5052	505	2	0	0	0
5053	505	3	0	0	0
5054	505	4	0	0	0
5055	505	5	0	0	0
5056	505	6	0	0	0
5057	505	7	0	0	0
5058	505	8	0	0	0
5059	505	9	0	0	0
5060	506	0	0	0	0
5061	506	1	0	0	0
5062	506	2	0	0	0
5063	506	3	0	0	0
5064	506	4	0	0	0
5065	506	5	0	0	0
5066	506	6	0	0	0
5067	506	7	0	0	0
5068	506	8	0	0	0
5069	506	9	0	0	0
5070	507	0	0	0	0
5071	507	1	0	0	0
5072	507	2	0	0	0
5073	507	3	0	0	0
5074	507	4	0	0	0
5075	507	5	0	0	0
5076	507	6	0	0	0
5077	507	7	0	0	0
5078	507	8	0	0	0
5079	507	9	0	0	0
5080	508	0	0	0	0
5081	508	1	0	0	0
5082	508	2	0	0	0
5083	508	3	0	0	0
5084	508	4	0	0	0
5085	508	5	0	0	0
5086	508	6	0	0	0
5087	508	7	0	0	0
5088	508	8	0	0	0
5089	508	9	0	0	0
5090	509	0	0	0	0
5091	509	1	0	0	0
5092	509	2	0	0	0
5093	509	3	0	0	0
5094	509	4	0	0	0
5095	509	5	0	0	0
5096	509	6	0	0	0
5097	509	7	0	0	0
5098	509	8	0	0	0
5099	509	9	0	0	0
5100	510	0	0	0	0
5101	510	1	0	0	0
5102	510	2	0	0	0
5103	510	3	0	0	0
5104	510	4	0	0	0
5105	510	5	0	0	0
5106	510	6	0	0	0
5107	510	7	0	0	0
5108	510	8	0	0	0
5109	510	9	0	0	0
5110	511	0	0	0	0
5111	511	1	0	0	0
5112	511	2	0	0	0
5113	511	3	0	0	0
5114	511	4	0	0	0
5115	511	5	0	0	0
5116	511	6	0	0	0
5117	511	7	0	0	0
5118	511	8	0	0	0
5119	511	9	0	0	0
5120	512	0	0	0	0
5121	512	1	0	0	0
5122	512	2	0	0	0
5123	512	3	0	0	0
5124	512	4	0	0	0
5125	512	5	0	0	0
5126	512	6	0	0	0
5127	512	7	0	0	0
5128	512	8	0	0	0
5129	512	9	0	0	0
5130	513	0	0	0	0
5131	513	1	0	0	0
5132	513	2	0	0	0
5133	513	3	0	0	0
5134	513	4	0	0	0
5135	513	5	0	0	0
5136	513	6	0	0	0
5137	513	7	0	0	0
5138	513	8	0	0	0
5139	513	9	0	0	0
5140	514	0	0	0	0
5141	514	1	0	0	0
5142	514	2	0	0	0
5143	514	3	0	0	0
5144	514	4	0	0	0
5145	514	5	0	0	0
5146	514	6	0	0	0
5147	514	7	0	0	0
5148	514	8	0	0	0
5149	514	9	0	0	0
5150	515	0	0	0	0
5151	515	1	0	0	0
5152	515	2	0	0	0
5153	515	3	0	0	0
5154	515	4	0	0	0
5155	515	5	0	0	0
5156	515	6	0	0	0
5157	515	7	0	0	0
5158	515	8	0	0	0
5159	515	9	0	0	0
5160	516	0	0	0	0
5161	516	1	0	0	0
5162	516	2	0	0	0
5163	516	3	0	0	0
5164	516	4	0	0	0
5165	516	5	0	0	0
5166	516	6	0	0	0
5167	516	7	0	0	0
5168	516	8	0	0	0
5169	516	9	0	0	0
5170	517	0	0	0	0
5171	517	1	0	0	0
5172	517	2	0	0	0
5173	517	3	0	0	0
5174	517	4	0	0	0
5175	517	5	0	0	0
5176	517	6	0	0	0
5177	517	7	0	0	0
5178	517	8	0	0	0
5179	517	9	0	0	0
5180	518	0	0	0	0
5181	518	1	0	0	0
5182	518	2	0	0	0
5183	518	3	0	0	0
5184	518	4	0	0	0
5185	518	5	0	0	0
5186	518	6	0	0	0
5187	518	7	0	0	0
5188	518	8	0	0	0
5189	518	9	0	0	0
5190	519	0	0	0	0
5191	519	1	0	0	0
5192	519	2	0	0	0
5193	519	3	0	0	0
5194	519	4	0	0	0
5195	519	5	0	0	0
5196	519	6	0	0	0
5197	519	7	0	0	0
5198	519	8	0	0	0
5199	519	9	0	0	0
5200	520	0	0	0	0
5201	520	1	0	0	0
5202	520	2	0	0	0
5203	520	3	0	0	0
5204	520	4	0	0	0
5205	520	5	0	0	0
5206	520	6	0	0	0
5207	520	7	0	0	0
5208	520	8	0	0	0
5209	520	9	0	0	0
5210	521	0	0	0	0
5211	521	1	0	0	0
5212	521	2	0	0	0
5213	521	3	0	0	0
5214	521	4	0	0	0
5215	521	5	0	0	0
5216	521	6	0	0	0
5217	521	7	0	0	0
5218	521	8	0	0	0
5219	521	9	0	0	0
5220	522	0	0	0	0
5221	522	1	0	0	0
5222	522	2	0	0	0
5223	522	3	0	0	0
5224	522	4	0	0	0
5225	522	5	0	0	0
5226	522	6	0	0	0
5227	522	7	0	0	0
5228	522	8	0	0	0
5229	522	9	0	0	0
5230	523	0	0	0	0
5231	523	1	0	0	0
5232	523	2	0	0	0
5233	523	3	0	0	0
5234	523	4	0	0	0
5235	523	5	0	0	0
5236	523	6	0	0	0
5237	523	7	0	0	0
5238	523	8	0	0	0
5239	523	9	0	0	0
5240	524	0	0	0	0
5241	524	1	0	0	0
5242	524	2	0	0	0
5243	524	3	0	0	0
5244	524	4	0	0	0
5245	524	5	0	0	0
5246	524	6	0	0	0
5247	524	7	0	0	0
5248	524	8	0	0	0
5249	524	9	0	0	0
5250	525	0	0	0	0
5251	525	1	0	0	0
5252	525	2	0	0	0
5253	525	3	0	0	0
5254	525	4	0	0	0
5255	525	5	0	0	0
5256	525	6	0	0	0
5257	525	7	0	0	0
5258	525	8	0	0	0
5259	525	9	0	0	0
5260	526	0	0	0	0
5261	526	1	0	0	0
5262	526	2	0	0	0
5263	526	3	0	0	0
5264	526	4	0	0	0
5265	526	5	0	0	0
5266	526	6	0	0	0
5267	526	7	0	0	0
5268	526	8	0	0	0
5269	526	9	0	0	0
5270	527	0	0	0	0
5271	527	1	0	0	0
5272	527	2	0	0	0
5273	527	3	0	0	0
5274	527	4	0	0	0
5275	527	5	0	0	0
5276	527	6	0	0	0
5277	527	7	0	0	0
5278	527	8	0	0	0
5279	527	9	0	0	0
5280	528	0	0	0	0
5281	528	1	0	0	0
5282	528	2	0	0	0
5283	528	3	0	0	0
5284	528	4	0	0	0
5285	528	5	0	0	0
5286	528	6	0	0	0
5287	528	7	0	0	0
5288	528	8	0	0	0
5289	528	9	0	0	0
5290	529	0	0	0	0
5291	529	1	0	0	0
5292	529	2	0	0	0
5293	529	3	0	0	0
5294	529	4	0	0	0
5295	529	5	0	0	0
5296	529	6	0	0	0
5297	529	7	0	0	0
5298	529	8	0	0	0
5299	529	9	0	0	0
5300	530	0	0	0	0
5301	530	1	0	0	0
5302	530	2	0	0	0
5303	530	3	0	0	0
5304	530	4	0	0	0
5305	530	5	0	0	0
5306	530	6	0	0	0
5307	530	7	0	0	0
5308	530	8	0	0	0
5309	530	9	0	0	0
5310	531	0	0	0	0
5311	531	1	0	0	0
5312	531	2	0	0	0
5313	531	3	0	0	0
5314	531	4	0	0	0
5315	531	5	0	0	0
5316	531	6	0	0	0
5317	531	7	0	0	0
5318	531	8	0	0	0
5319	531	9	0	0	0
5320	532	0	0	0	0
5321	532	1	0	0	0
5322	532	2	0	0	0
5323	532	3	0	0	0
5324	532	4	0	0	0
5325	532	5	0	0	0
5326	532	6	0	0	0
5327	532	7	0	0	0
5328	532	8	0	0	0
5329	532	9	0	0	0
5330	533	0	0	0	0
5331	533	1	0	0	0
5332	533	2	0	0	0
5333	533	3	0	0	0
5334	533	4	0	0	0
5335	533	5	0	0	0
5336	533	6	0	0	0
5337	533	7	0	0	0
5338	533	8	0	0	0
5339	533	9	0	0	0
5340	534	0	0	0	0
5341	534	1	0	0	0
5342	534	2	0	0	0
5343	534	3	0	0	0
5344	534	4	0	0	0
5345	534	5	0	0	0
5346	534	6	0	0	0
5347	534	7	0	0	0
5348	534	8	0	0	0
5349	534	9	0	0	0
5350	535	0	0	0	0
5351	535	1	0	0	0
5352	535	2	0	0	0
5353	535	3	0	0	0
5354	535	4	0	0	0
5355	535	5	0	0	0
5356	535	6	0	0	0
5357	535	7	0	0	0
5358	535	8	0	0	0
5359	535	9	0	0	0
5360	536	0	0	0	0
5361	536	1	0	0	0
5362	536	2	0	0	0
5363	536	3	0	0	0
5364	536	4	0	0	0
5365	536	5	0	0	0
5366	536	6	0	0	0
5367	536	7	0	0	0
5368	536	8	0	0	0
5369	536	9	0	0	0
5370	537	0	0	0	0
5371	537	1	0	0	0
5372	537	2	0	0	0
5373	537	3	0	0	0
5374	537	4	0	0	0
5375	537	5	0	0	0
5376	537	6	0	0	0
5377	537	7	0	0	0
5378	537	8	0	0	0
5379	537	9	0	0	0
5380	538	0	0	0	0
5381	538	1	0	0	0
5382	538	2	0	0	0
5383	538	3	0	0	0
5384	538	4	0	0	0
5385	538	5	0	0	0
5386	538	6	0	0	0
5387	538	7	0	0	0
5388	538	8	0	0	0
5389	538	9	0	0	0
5390	539	0	0	0	0
5391	539	1	0	0	0
5392	539	2	0	0	0
5393	539	3	0	0	0
5394	539	4	0	0	0
5395	539	5	0	0	0
5396	539	6	0	0	0
5397	539	7	0	0	0
5398	539	8	0	0	0
5399	539	9	0	0	0
5400	540	0	0	0	0
5401	540	1	0	0	0
5402	540	2	0	0	0
5403	540	3	0	0	0
5404	540	4	0	0	0
5405	540	5	0	0	0
5406	540	6	0	0	0
5407	540	7	0	0	0
5408	540	8	0	0	0
5409	540	9	0	0	0
5410	541	0	0	0	0
5411	541	1	0	0	0
5412	541	2	0	0	0
5413	541	3	0	0	0
5414	541	4	0	0	0
5415	541	5	0	0	0
5416	541	6	0	0	0
5417	541	7	0	0	0
5418	541	8	0	0	0
5419	541	9	0	0	0
5420	542	0	0	0	0
5421	542	1	0	0	0
5422	542	2	0	0	0
5423	542	3	0	0	0
5424	542	4	0	0	0
5425	542	5	0	0	0
5426	542	6	0	0	0
5427	542	7	0	0	0
5428	542	8	0	0	0
5429	542	9	0	0	0
5430	543	0	0	0	0
5431	543	1	0	0	0
5432	543	2	0	0	0
5433	543	3	0	0	0
5434	543	4	0	0	0
5435	543	5	0	0	0
5436	543	6	0	0	0
5437	543	7	0	0	0
5438	543	8	0	0	0
5439	543	9	0	0	0
5440	544	0	0	0	0
5441	544	1	0	0	0
5442	544	2	0	0	0
5443	544	3	0	0	0
5444	544	4	0	0	0
5445	544	5	0	0	0
5446	544	6	0	0	0
5447	544	7	0	0	0
5448	544	8	0	0	0
5449	544	9	0	0	0
5450	545	0	0	0	0
5451	545	1	0	0	0
5452	545	2	0	0	0
5453	545	3	0	0	0
5454	545	4	0	0	0
5455	545	5	0	0	0
5456	545	6	0	0	0
5457	545	7	0	0	0
5458	545	8	0	0	0
5459	545	9	0	0	0
5460	546	0	0	0	0
5461	546	1	0	0	0
5462	546	2	0	0	0
5463	546	3	0	0	0
5464	546	4	0	0	0
5465	546	5	0	0	0
5466	546	6	0	0	0
5467	546	7	0	0	0
5468	546	8	0	0	0
5469	546	9	0	0	0
5470	547	0	0	0	0
5471	547	1	0	0	0
5472	547	2	0	0	0
5473	547	3	0	0	0
5474	547	4	0	0	0
5475	547	5	0	0	0
5476	547	6	0	0	0
5477	547	7	0	0	0
5478	547	8	0	0	0
5479	547	9	0	0	0
5480	548	0	0	0	0
5481	548	1	0	0	0
5482	548	2	0	0	0
5483	548	3	0	0	0
5484	548	4	0	0	0
5485	548	5	0	0	0
5486	548	6	0	0	0
5487	548	7	0	0	0
5488	548	8	0	0	0
5489	548	9	0	0	0
5490	549	0	0	0	0
5491	549	1	0	0	0
5492	549	2	0	0	0
5493	549	3	0	0	0
5494	549	4	0	0	0
5495	549	5	0	0	0
5496	549	6	0	0	0
5497	549	7	0	0	0
5498	549	8	0	0	0
5499	549	9	0	0	0
5500	550	0	0	0	0
5501	550	1	0	0	0
5502	550	2	0	0	0
5503	550	3	0	0	0
5504	550	4	0	0	0
5505	550	5	0	0	0
5506	550	6	0	0	0
5507	550	7	0	0	0
5508	550	8	0	0	0
5509	550	9	0	0	0
5510	551	0	0	0	0
5511	551	1	0	0	0
5512	551	2	0	0	0
5513	551	3	0	0	0
5514	551	4	0	0	0
5515	551	5	0	0	0
5516	551	6	0	0	0
5517	551	7	0	0	0
5518	551	8	0	0	0
5519	551	9	0	0	0
5520	552	0	0	0	0
5521	552	1	0	0	0
5522	552	2	0	0	0
5523	552	3	0	0	0
5524	552	4	0	0	0
5525	552	5	0	0	0
5526	552	6	0	0	0
5527	552	7	0	0	0
5528	552	8	0	0	0
5529	552	9	0	0	0
5530	553	0	0	0	0
5531	553	1	0	0	0
5532	553	2	0	0	0
5533	553	3	0	0	0
5534	553	4	0	0	0
5535	553	5	0	0	0
5536	553	6	0	0	0
5537	553	7	0	0	0
5538	553	8	0	0	0
5539	553	9	0	0	0
5540	554	0	0	0	0
5541	554	1	0	0	0
5542	554	2	0	0	0
5543	554	3	0	0	0
5544	554	4	0	0	0
5545	554	5	0	0	0
5546	554	6	0	0	0
5547	554	7	0	0	0
5548	554	8	0	0	0
5549	554	9	0	0	0
5550	555	0	0	0	0
5551	555	1	0	0	0
5552	555	2	0	0	0
5553	555	3	0	0	0
5554	555	4	0	0	0
5555	555	5	0	0	0
5556	555	6	0	0	0
5557	555	7	0	0	0
5558	555	8	0	0	0
5559	555	9	0	0	0
5560	556	0	0	0	0
5561	556	1	0	0	0
5562	556	2	0	0	0
5563	556	3	0	0	0
5564	556	4	0	0	0
5565	556	5	0	0	0
5566	556	6	0	0	0
5567	556	7	0	0	0
5568	556	8	0	0	0
5569	556	9	0	0	0
5570	557	0	0	0	0
5571	557	1	0	0	0
5572	557	2	0	0	0
5573	557	3	0	0	0
5574	557	4	0	0	0
5575	557	5	0	0	0
5576	557	6	0	0	0
5577	557	7	0	0	0
5578	557	8	0	0	0
5579	557	9	0	0	0
5580	558	0	0	0	0
5581	558	1	0	0	0
5582	558	2	0	0	0
5583	558	3	0	0	0
5584	558	4	0	0	0
5585	558	5	0	0	0
5586	558	6	0	0	0
5587	558	7	0	0	0
5588	558	8	0	0	0
5589	558	9	0	0	0
5590	559	0	0	0	0
5591	559	1	0	0	0
5592	559	2	0	0	0
5593	559	3	0	0	0
5594	559	4	0	0	0
5595	559	5	0	0	0
5596	559	6	0	0	0
5597	559	7	0	0	0
5598	559	8	0	0	0
5599	559	9	0	0	0
5600	560	0	0	0	0
5601	560	1	0	0	0
5602	560	2	0	0	0
5603	560	3	0	0	0
5604	560	4	0	0	0
5605	560	5	0	0	0
5606	560	6	0	0	0
5607	560	7	0	0	0
5608	560	8	0	0	0
5609	560	9	0	0	0
5610	561	0	0	0	0
5611	561	1	0	0	0
5612	561	2	0	0	0
5613	561	3	0	0	0
5614	561	4	0	0	0
5615	561	5	0	0	0
5616	561	6	0	0	0
5617	561	7	0	0	0
5618	561	8	0	0	0
5619	561	9	0	0	0
5620	562	0	0	0	0
5621	562	1	0	0	0
5622	562	2	0	0	0
5623	562	3	0	0	0
5624	562	4	0	0	0
5625	562	5	0	0	0
5626	562	6	0	0	0
5627	562	7	0	0	0
5628	562	8	0	0	0
5629	562	9	0	0	0
5630	563	0	0	0	0
5631	563	1	0	0	0
5632	563	2	0	0	0
5633	563	3	0	0	0
5634	563	4	0	0	0
5635	563	5	0	0	0
5636	563	6	0	0	0
5637	563	7	0	0	0
5638	563	8	0	0	0
5639	563	9	0	0	0
5640	564	0	0	0	0
5641	564	1	0	0	0
5642	564	2	0	0	0
5643	564	3	0	0	0
5644	564	4	0	0	0
5645	564	5	0	0	0
5646	564	6	0	0	0
5647	564	7	0	0	0
5648	564	8	0	0	0
5649	564	9	0	0	0
5650	565	0	0	0	0
5651	565	1	0	0	0
5652	565	2	0	0	0
5653	565	3	0	0	0
5654	565	4	0	0	0
5655	565	5	0	0	0
5656	565	6	0	0	0
5657	565	7	0	0	0
5658	565	8	0	0	0
5659	565	9	0	0	0
5660	566	0	0	0	0
5661	566	1	0	0	0
5662	566	2	0	0	0
5663	566	3	0	0	0
5664	566	4	0	0	0
5665	566	5	0	0	0
5666	566	6	0	0	0
5667	566	7	0	0	0
5668	566	8	0	0	0
5669	566	9	0	0	0
5670	567	0	0	0	0
5671	567	1	0	0	0
5672	567	2	0	0	0
5673	567	3	0	0	0
5674	567	4	0	0	0
5675	567	5	0	0	0
5676	567	6	0	0	0
5677	567	7	0	0	0
5678	567	8	0	0	0
5679	567	9	0	0	0
5680	568	0	0	0	0
5681	568	1	0	0	0
5682	568	2	0	0	0
5683	568	3	0	0	0
5684	568	4	0	0	0
5685	568	5	0	0	0
5686	568	6	0	0	0
5687	568	7	0	0	0
5688	568	8	0	0	0
5689	568	9	0	0	0
5690	569	0	0	0	0
5691	569	1	0	0	0
5692	569	2	0	0	0
5693	569	3	0	0	0
5694	569	4	0	0	0
5695	569	5	0	0	0
5696	569	6	0	0	0
5697	569	7	0	0	0
5698	569	8	0	0	0
5699	569	9	0	0	0
5700	570	0	0	0	0
5701	570	1	0	0	0
5702	570	2	0	0	0
5703	570	3	0	0	0
5704	570	4	0	0	0
5705	570	5	0	0	0
5706	570	6	0	0	0
5707	570	7	0	0	0
5708	570	8	0	0	0
5709	570	9	0	0	0
5710	571	0	0	0	0
5711	571	1	0	0	0
5712	571	2	0	0	0
5713	571	3	0	0	0
5714	571	4	0	0	0
5715	571	5	0	0	0
5716	571	6	0	0	0
5717	571	7	0	0	0
5718	571	8	0	0	0
5719	571	9	0	0	0
5720	572	0	0	0	0
5721	572	1	0	0	0
5722	572	2	0	0	0
5723	572	3	0	0	0
5724	572	4	0	0	0
5725	572	5	0	0	0
5726	572	6	0	0	0
5727	572	7	0	0	0
5728	572	8	0	0	0
5729	572	9	0	0	0
5730	573	0	0	0	0
5731	573	1	0	0	0
5732	573	2	0	0	0
5733	573	3	0	0	0
5734	573	4	0	0	0
5735	573	5	0	0	0
5736	573	6	0	0	0
5737	573	7	0	0	0
5738	573	8	0	0	0
5739	573	9	0	0	0
5740	574	0	0	0	0
5741	574	1	0	0	0
5742	574	2	0	0	0
5743	574	3	0	0	0
5744	574	4	0	0	0
5745	574	5	0	0	0
5746	574	6	0	0	0
5747	574	7	0	0	0
5748	574	8	0	0	0
5749	574	9	0	0	0
5750	575	0	0	0	0
5751	575	1	0	0	0
5752	575	2	0	0	0
5753	575	3	0	0	0
5754	575	4	0	0	0
5755	575	5	0	0	0
5756	575	6	0	0	0
5757	575	7	0	0	0
5758	575	8	0	0	0
5759	575	9	0	0	0
5760	576	0	0	0	0
5761	576	1	0	0	0
5762	576	2	0	0	0
5763	576	3	0	0	0
5764	576	4	0	0	0
5765	576	5	0	0	0
5766	576	6	0	0	0
5767	576	7	0	0	0
5768	576	8	0	0	0
5769	576	9	0	0	0
5770	577	0	0	0	0
5771	577	1	0	0	0
5772	577	2	0	0	0
5773	577	3	0	0	0
5774	577	4	0	0	0
5775	577	5	0	0	0
5776	577	6	0	0	0
5777	577	7	0	0	0
5778	577	8	0	0	0
5779	577	9	0	0	0
5780	578	0	0	0	0
5781	578	1	0	0	0
5782	578	2	0	0	0
5783	578	3	0	0	0
5784	578	4	0	0	0
5785	578	5	0	0	0
5786	578	6	0	0	0
5787	578	7	0	0	0
5788	578	8	0	0	0
5789	578	9	0	0	0
5790	579	0	0	0	0
5791	579	1	0	0	0
5792	579	2	0	0	0
5793	579	3	0	0	0
5794	579	4	0	0	0
5795	579	5	0	0	0
5796	579	6	0	0	0
5797	579	7	0	0	0
5798	579	8	0	0	0
5799	579	9	0	0	0
5800	580	0	0	0	0
5801	580	1	0	0	0
5802	580	2	0	0	0
5803	580	3	0	0	0
5804	580	4	0	0	0
5805	580	5	0	0	0
5806	580	6	0	0	0
5807	580	7	0	0	0
5808	580	8	0	0	0
5809	580	9	0	0	0
5810	581	0	0	0	0
5811	581	1	0	0	0
5812	581	2	0	0	0
5813	581	3	0	0	0
5814	581	4	0	0	0
5815	581	5	0	0	0
5816	581	6	0	0	0
5817	581	7	0	0	0
5818	581	8	0	0	0
5819	581	9	0	0	0
5820	582	0	0	0	0
5821	582	1	0	0	0
5822	582	2	0	0	0
5823	582	3	0	0	0
5824	582	4	0	0	0
5825	582	5	0	0	0
5826	582	6	0	0	0
5827	582	7	0	0	0
5828	582	8	0	0	0
5829	582	9	0	0	0
5830	583	0	0	0	0
5831	583	1	0	0	0
5832	583	2	0	0	0
5833	583	3	0	0	0
5834	583	4	0	0	0
5835	583	5	0	0	0
5836	583	6	0	0	0
5837	583	7	0	0	0
5838	583	8	0	0	0
5839	583	9	0	0	0
5840	584	0	0	0	0
5841	584	1	0	0	0
5842	584	2	0	0	0
5843	584	3	0	0	0
5844	584	4	0	0	0
5845	584	5	0	0	0
5846	584	6	0	0	0
5847	584	7	0	0	0
5848	584	8	0	0	0
5849	584	9	0	0	0
5850	585	0	0	0	0
5851	585	1	0	0	0
5852	585	2	0	0	0
5853	585	3	0	0	0
5854	585	4	0	0	0
5855	585	5	0	0	0
5856	585	6	0	0	0
5857	585	7	0	0	0
5858	585	8	0	0	0
5859	585	9	0	0	0
5860	586	0	0	0	0
5861	586	1	0	0	0
5862	586	2	0	0	0
5863	586	3	0	0	0
5864	586	4	0	0	0
5865	586	5	0	0	0
5866	586	6	0	0	0
5867	586	7	0	0	0
5868	586	8	0	0	0
5869	586	9	0	0	0
5870	587	0	0	0	0
5871	587	1	0	0	0
5872	587	2	0	0	0
5873	587	3	0	0	0
5874	587	4	0	0	0
5875	587	5	0	0	0
5876	587	6	0	0	0
5877	587	7	0	0	0
5878	587	8	0	0	0
5879	587	9	0	0	0
5880	588	0	0	0	0
5881	588	1	0	0	0
5882	588	2	0	0	0
5883	588	3	0	0	0
5884	588	4	0	0	0
5885	588	5	0	0	0
5886	588	6	0	0	0
5887	588	7	0	0	0
5888	588	8	0	0	0
5889	588	9	0	0	0
5890	589	0	0	0	0
5891	589	1	0	0	0
5892	589	2	0	0	0
5893	589	3	0	0	0
5894	589	4	0	0	0
5895	589	5	0	0	0
5896	589	6	0	0	0
5897	589	7	0	0	0
5898	589	8	0	0	0
5899	589	9	0	0	0
5900	590	0	0	0	0
5901	590	1	0	0	0
5902	590	2	0	0	0
5903	590	3	0	0	0
5904	590	4	0	0	0
5905	590	5	0	0	0
5906	590	6	0	0	0
5907	590	7	0	0	0
5908	590	8	0	0	0
5909	590	9	0	0	0
5910	591	0	0	0	0
5911	591	1	0	0	0
5912	591	2	0	0	0
5913	591	3	0	0	0
5914	591	4	0	0	0
5915	591	5	0	0	0
5916	591	6	0	0	0
5917	591	7	0	0	0
5918	591	8	0	0	0
5919	591	9	0	0	0
5920	592	0	0	0	0
5921	592	1	0	0	0
5922	592	2	0	0	0
5923	592	3	0	0	0
5924	592	4	0	0	0
5925	592	5	0	0	0
5926	592	6	0	0	0
5927	592	7	0	0	0
5928	592	8	0	0	0
5929	592	9	0	0	0
5930	593	0	0	0	0
5931	593	1	0	0	0
5932	593	2	0	0	0
5933	593	3	0	0	0
5934	593	4	0	0	0
5935	593	5	0	0	0
5936	593	6	0	0	0
5937	593	7	0	0	0
5938	593	8	0	0	0
5939	593	9	0	0	0
5940	594	0	0	0	0
5941	594	1	0	0	0
5942	594	2	0	0	0
5943	594	3	0	0	0
5944	594	4	0	0	0
5945	594	5	0	0	0
5946	594	6	0	0	0
5947	594	7	0	0	0
5948	594	8	0	0	0
5949	594	9	0	0	0
5950	595	0	0	0	0
5951	595	1	0	0	0
5952	595	2	0	0	0
5953	595	3	0	0	0
5954	595	4	0	0	0
5955	595	5	0	0	0
5956	595	6	0	0	0
5957	595	7	0	0	0
5958	595	8	0	0	0
5959	595	9	0	0	0
5960	596	0	0	0	0
5961	596	1	0	0	0
5962	596	2	0	0	0
5963	596	3	0	0	0
5964	596	4	0	0	0
5965	596	5	0	0	0
5966	596	6	0	0	0
5967	596	7	0	0	0
5968	596	8	0	0	0
5969	596	9	0	0	0
5970	597	0	0	0	0
5971	597	1	0	0	0
5972	597	2	0	0	0
5973	597	3	0	0	0
5974	597	4	0	0	0
5975	597	5	0	0	0
5976	597	6	0	0	0
5977	597	7	0	0	0
5978	597	8	0	0	0
5979	597	9	0	0	0
5980	598	0	0	0	0
5981	598	1	0	0	0
5982	598	2	0	0	0
5983	598	3	0	0	0
5984	598	4	0	0	0
5985	598	5	0	0	0
5986	598	6	0	0	0
5987	598	7	0	0	0
5988	598	8	0	0	0
5989	598	9	0	0	0
5990	599	0	0	0	0
5991	599	1	0	0	0
5992	599	2	0	0	0
5993	599	3	0	0	0
5994	599	4	0	0	0
5995	599	5	0	0	0
5996	599	6	0	0	0
5997	599	7	0	0	0
5998	599	8	0	0	0
5999	599	9	0	0	0
6000	600	0	0	0	0
6001	600	1	0	0	0
6002	600	2	0	0	0
6003	600	3	0	0	0
6004	600	4	0	0	0
6005	600	5	0	0	0
6006	600	6	0	0	0
6007	600	7	0	0	0
6008	600	8	0	0	0
6009	600	9	0	0	0
6010	601	0	0	0	0
6011	601	1	0	0	0
6012	601	2	0	0	0
6013	601	3	0	0	0
6014	601	4	0	0	0
6015	601	5	0	0	0
6016	601	6	0	0	0
6017	601	7	0	0	0
6018	601	8	0	0	0
6019	601	9	0	0	0
6020	602	0	0	0	0
6021	602	1	0	0	0
6022	602	2	0	0	0
6023	602	3	0	0	0
6024	602	4	0	0	0
6025	602	5	0	0	0
6026	602	6	0	0	0
6027	602	7	0	0	0
6028	602	8	0	0	0
6029	602	9	0	0	0
6030	603	0	0	0	0
6031	603	1	0	0	0
6032	603	2	0	0	0
6033	603	3	0	0	0
6034	603	4	0	0	0
6035	603	5	0	0	0
6036	603	6	0	0	0
6037	603	7	0	0	0
6038	603	8	0	0	0
6039	603	9	0	0	0
6040	604	0	0	0	0
6041	604	1	0	0	0
6042	604	2	0	0	0
6043	604	3	0	0	0
6044	604	4	0	0	0
6045	604	5	0	0	0
6046	604	6	0	0	0
6047	604	7	0	0	0
6048	604	8	0	0	0
6049	604	9	0	0	0
6050	605	0	0	0	0
6051	605	1	0	0	0
6052	605	2	0	0	0
6053	605	3	0	0	0
6054	605	4	0	0	0
6055	605	5	0	0	0
6056	605	6	0	0	0
6057	605	7	0	0	0
6058	605	8	0	0	0
6059	605	9	0	0	0
6060	606	0	0	0	0
6061	606	1	0	0	0
6062	606	2	0	0	0
6063	606	3	0	0	0
6064	606	4	0	0	0
6065	606	5	0	0	0
6066	606	6	0	0	0
6067	606	7	0	0	0
6068	606	8	0	0	0
6069	606	9	0	0	0
6070	607	0	0	0	0
6071	607	1	0	0	0
6072	607	2	0	0	0
6073	607	3	0	0	0
6074	607	4	0	0	0
6075	607	5	0	0	0
6076	607	6	0	0	0
6077	607	7	0	0	0
6078	607	8	0	0	0
6079	607	9	0	0	0
6080	608	0	0	0	0
6081	608	1	0	0	0
6082	608	2	0	0	0
6083	608	3	0	0	0
6084	608	4	0	0	0
6085	608	5	0	0	0
6086	608	6	0	0	0
6087	608	7	0	0	0
6088	608	8	0	0	0
6089	608	9	0	0	0
6090	609	0	0	0	0
6091	609	1	0	0	0
6092	609	2	0	0	0
6093	609	3	0	0	0
6094	609	4	0	0	0
6095	609	5	0	0	0
6096	609	6	0	0	0
6097	609	7	0	0	0
6098	609	8	0	0	0
6099	609	9	0	0	0
6100	610	0	0	0	0
6101	610	1	0	0	0
6102	610	2	0	0	0
6103	610	3	0	0	0
6104	610	4	0	0	0
6105	610	5	0	0	0
6106	610	6	0	0	0
6107	610	7	0	0	0
6108	610	8	0	0	0
6109	610	9	0	0	0
6110	611	0	0	0	0
6111	611	1	0	0	0
6112	611	2	0	0	0
6113	611	3	0	0	0
